x,y,z,R1,R2,R3,R4,R5,R6,R7,R8,R9
814.4902449206888,247.344847501044,1059.8465105220685,0.10387175474007351,0.24273542438562573,0.9645155117029215,-0.04042472873942282,0.9699902566772035,-0.23975976154817416,-0.9937688362358532,-0.014086010777485723,0.11056710372807302
814.4471346020093,247.19798184196867,1059.9608155674118,0.10401340590050581,0.24290152434267157,0.9644584287904707,-0.04037329423554162,0.9699501753735229,-0.23993051995409628,-0.9937561111789688,-0.013982373363600887,0.11069455600694125
814.4040242833298,247.05111618289334,1060.075120612755,0.10415506385140626,0.2430676020335476,0.9644012979645821,-0.04032188456616232,0.9699100587898127,-0.24010127755465044,-0.9937433613861993,-0.013878713917476068,0.11082198789434472
814.3609139646503,246.90425052381804,1060.1894256580983,0.10429672858487991,0.2432336574489973,0.96434411922844,-0.040270499734150186,0.9698699069283087,-0.2402720343403196,-0.9937305868582559,-0.01377503244488887,0.11094939938318074
814.3178036459708,246.7573848647427,1060.3037307034417,0.10443840009303137,0.24339969057976563,0.9642868925852318,-0.040219139742369,0.9698297197912483,-0.2404427903015867,-0.9937177875958505,-0.01367132895161818,0.11107679046634786
814.2746933272913,246.61051920566737,1060.418035748785,0.10458007836796498,0.24356570141659845,0.964229618038147,-0.04016780459368117,0.9697894973808708,-0.2406135454289347,-0.9937049635996965,-0.013567603443444135,0.11120416113674561
814.2315830086118,246.46365354659204,1060.5323407941282,0.10472176340178457,0.24373168995024327,0.9641722955903781,-0.040116494290947664,0.9697492396994176,-0.24078429971284665,-0.9936921148705091,-0.013463855926148115,0.11133151138727485
814.1884726899323,246.3167878875167,1060.6466458394716,0.10486345518659375,0.24389765617144854,0.96411492524512,-0.04006520883702815,0.9697089467491323,-0.2409550531438057,-0.9936792414090044,-0.013360086405512674,0.1114588412108374
814.1453623712529,246.16992222844138,1060.760950884815,0.10500515371449558,0.24406360007096403,0.9640575070055706,-0.04001394823478087,0.9696686185322598,-0.24112580571229492,-0.9936663432159004,-0.01325629488732163,0.11158615060033635
814.1022520525734,246.02305656936608,1060.8752559301583,0.10514685897759292,0.24422952163954084,0.9640000408749304,-0.039962712487062714,0.9696282550510477,-0.24129655740879752,-0.9936534202919158,-0.013152481377359984,0.11171343954867582
814.0591417338939,245.87619091029075,1060.9895609755015,0.1052885709679881,0.24439542086793123,0.9639425268564024,-0.0399115015967291,0.969587856307745,-0.24146730822379678,-0.9936404726377712,-0.013048645881414045,0.11184070804876119
814.0160314152143,245.7293252512154,1061.1038660208449,0.1054302896777832,0.2445612977468887,0.9638849649531922,-0.039860315566634164,0.9695474223046033,-0.24163805814777592,-0.9936275002541884,-0.012944788405271272,0.11196795609349888
813.9729210965348,245.58245959214008,1061.2181710661882,0.10557201509907985,0.244727152267168,0.9638273551685085,-0.03980915439963062,0.9695069530438754,-0.2418088071712183,-0.9936145031418905,-0.01284090895472034,0.11209518367579646
813.9298107778553,245.43559393306475,1061.3324761115314,0.10571374722397928,0.24489298441952526,0.9637696975055622,-0.039758018098569735,0.9694664485278166,-0.2419795552846073,-0.9936014813016024,-0.012737007535551249,0.11222239078856275
813.8867004591758,245.28872827398945,1061.4467811568747,0.10585548604458246,0.2450587941947176,0.9637119919675672,-0.03970690666630149,0.9694259087586841,-0.2421503024784264,-0.9935884347340497,-0.012633084153555121,0.11234957742470757
813.8435901404963,245.14186261491412,1061.5610862022181,0.10599723155298986,0.2452245815835037,0.96365423855774,-0.039655820105674394,0.9693853337387369,-0.24232104874315905,-0.9935753634399599,-0.01252913881452436,0.11247674357714195
813.8004798218168,244.9949969558388,1061.6753912475615,0.10613898374130169,0.2453903465766431,0.9635964372792993,-0.03960475841953569,0.9693447234702358,-0.24249179406928875,-0.9935622674200615,-0.012425171524252503,0.112603889238778
813.7573695031373,244.84813129676346,1061.7896962929046,0.10628074260161771,0.24555608916489707,0.9635385881354674,-0.03955372161073104,0.9693040779554444,-0.24266253844729918,-0.993549146675085,-0.012321182288534483,0.11273101440252913
813.7142591844578,244.70126563768812,1061.904001338248,0.1064225081260373,0.24572180933902762,0.9634806911294684,-0.039502709682104904,0.969263397196627,-0.24283328186767392,-0.9935360012057615,-0.012217171113166286,0.1128581190613097
813.6711488657783,244.5543999786128,1062.0183063835914,0.10656428030665956,0.24588750708979845,0.9634227462645296,-0.03945172263650027,0.9692226811960509,-0.24300402432089668,-0.993522831012824,-0.01211313800394521,0.11298520320803533
813.6280385470988,244.4075343195375,1062.1326114289348,0.1067060591355831,0.24605318240797416,0.9633647535438805,-0.03940076047675878,0.9691819299559852,-0.24317476579745123,-0.9935096360970067,-0.01200908296666973,0.11311226683562274
813.5849282284192,244.26066866046216,1062.246916474278,0.10684784460490628,0.24621883528432087,0.963306712970754,-0.03934982320572063,0.9691411434787003,-0.24334550628782134,-0.9934964164590452,-0.011905006007139587,0.1132393099369898
813.5046478066884,244.02647382472912,1062.48687763668,0.1071546354844675,0.2464996692734982,0.9632008083168571,-0.03929926331347737,0.9690716802369771,-0.2436301427691164,-0.9934653753388735,-0.011746983048344898,0.11352777806357807
813.4242430107283,243.79227300099396,1062.726786974626,0.10746143033569017,0.2467804626121237,0.9630947223732221,-0.0392488103207175,0.9690021160611845,-0.2439148006115155,-0.993434231279865,-0.011588888725552636,0.11381619295816754
813.3437138446901,243.55806624631242,1062.9666444575632,0.10776822909838073,0.24706121523144586,0.9629884551360727,-0.03919846424754356,0.968932450947367,-0.2441994797327834,-0.993402984290682,-0.01143072305190058,0.1141045545667559
813.2630603127564,243.32385361774337,1063.2064500549454,0.10807503171233569,0.24734192706270763,0.9628820066016832,-0.039148225114027754,0.9688626848916063,-0.2444841800506722,-0.9933716343800034,-0.01127248604054866,0.1143928628353474
813.1822824191413,243.0896351723482,1063.446203736234,0.108381838117343,0.24762259803714748,0.9627753767663771,-0.03909809294021281,0.9687928178900184,-0.2447689014829218,-0.9933401815565223,-0.01111417770467837,0.11468111770995389
813.101380168091,242.85541096719146,1063.6859054708973,0.10868864825318107,0.24790322808599816,0.9626685656265286,-0.03904806774611075,0.9687228499387557,-0.2450536439472591,-0.9933086258289472,-0.010955798057491991,0.11496931913659399
813.0203535638831,242.62118105934073,1063.9255552284105,0.10899546205961902,0.24818381714048673,0.9625615731785615,-0.03899814955170357,0.9686527810340069,-0.24533840736139784,-0.9932769672060019,-0.010797347112213907,0.11525746706129393
812.9392026108269,242.38694550586678,1064.1651529782562,0.1093022794764173,0.24846436513183567,0.9624543994189505,-0.03894833837694332,0.9685826111719958,-0.24562319164303906,-0.9932452056964252,-0.01063882488208994,0.11554556143008655
812.8579273132636,242.15270436384304,1064.4046986899245,0.10960910044332615,0.24874487199126213,0.9623470443442195,-0.03889863424175227,0.968512340348983,-0.24590799670987146,-0.9932133413089713,-0.010480231380387684,0.11583360218901219
812.7765276755662,241.91845769034552,1064.6441923329119,0.1099159249000879,0.24902533764997725,0.9622395079509429,-0.03884903716602147,0.9684419685612636,-0.24619282247957092,-0.9931813740524091,-0.010321566620395193,0.11612158928411805
812.6950037021387,241.6842055424539,1064.8836338767228,0.11022275278643484,0.24930576203918786,0.9621317902357454,-0.03879954716961291,0.96837149580517,-0.2464776688698004,-0.9931493039355227,-0.010162830615423231,0.11640952266145922
812.6133553974174,241.44994797725,1065.1230232908676,0.11052958404209076,0.24958614509009577,0.9620238911953009,-0.03875016427235811,0.968300922077069,-0.24676253579821072,-0.993117130967112,-0.010004023378803276,0.11669740226709709
812.5315827658703,241.2156850518192,1065.3623605448652,0.11083641860676956,0.2498664867338963,0.9619158108263344,-0.038700888494057964,0.9682302473733648,-0.24704742318243933,-0.9930848551559908,-0.009845144923888728,0.11698522804710083
812.4496858119969,240.98141682324945,1065.6016456082407,0.11114325642017689,0.25014678690178077,0.9618075491256209,-0.03865171985448383,0.9681594716904967,-0.2473323309401114,-0.9930524765109894,-0.009686195264054369,0.11727299994754677
812.3676645403284,240.74714334863123,1065.8408784505268,0.11145009742200859,0.2504270455249354,0.9616991060899852,-0.038602658373376654,0.9680885950249398,-0.24761725898884032,-0.9930199950409525,-0.00952717441269634,0.11756071791451818
812.2855189554277,240.51286468505805,1066.0800590412632,0.11175694155195216,0.250707262534541,0.9615904817163021,-0.03855370407044687,0.9680176173732056,-0.24790220724622583,-0.9929874107547396,-0.009368082383232411,0.11784838189410608
812.2032490618897,240.27858088962665,1066.319187349997,0.11206378874968578,0.2509874378617731,0.9614816760014973,-0.038504856965375395,0.9679465387318411,-0.2481871756298554,-0.9929547236612261,-0.009208919189101845,0.1181359918324081
812.1208548643408,240.04429201943591,1066.5582633462823,0.11237063895487803,0.2512675714378024,0.9613726889425461,-0.038456117077812615,0.9678753590974292,-0.2484721640573046,-0.9929219337693019,-0.009049684843765546,0.11842354767552994
812.0383363674387,239.80999813158775,1066.7972869996806,0.11267749210718954,0.2515476631937949,0.9612635205364736,-0.038407484427378596,0.9678040784665891,-0.24875717244613624,-0.9928890410878725,-0.008890379360705396,0.11871104936958417
811.9556935758734,239.57569928318662,1067.0362582797602,0.1129843481462711,0.2518277130609113,0.9611541707803558,-0.038358959033662994,0.9677326968359758,-0.24904220071390062,-0.9928560456258582,-0.00873100275342505,0.11899849686069043
811.8729264943667,239.34139553134048,1067.2751771560968,0.1132912070117649,0.2521077209703073,0.9610446396713189,-0.03831054091622601,0.9676612142022807,-0.2493272487781352,-0.9928229473921942,-0.008571555035450233,0.11928589009497588
811.7900351276712,239.107086933159,1067.5140435982732,0.11359806864330418,0.2523876868531336,0.9609349272065384,-0.038262230094597394,0.9675896305622298,-0.24961231655636631,-0.9927897463958313,-0.008412036220327502,0.11957322901857532
811.7070194805725,238.87277354575494,1067.7528575758802,0.11390493298051296,0.25266761064053644,0.9608250333832412,-0.03821402658827575,0.9675179459125866,-0.24989740396610688,-0.9927564426457354,-0.008252446321624609,0.11986051357763035
811.6238795578871,238.6384554262442,1067.9916190585145,0.11421179996300691,0.2529474922636566,0.9607149581987039,-0.03816593041673075,0.9674461602501501,-0.2501825109248576,-0.992723036150887,-0.008092785352931555,0.1201477437182903
811.5406153644631,238.40413263174423,1068.2303280157812,0.11451866953039194,0.25322733165363065,0.9606047016502526,-0.038117941599401066,0.9673742735717543,-0.25046763735010796,-0.992689526920282,-0.007933053327859334,0.12043491938671193
811.457226905181,238.16980521937643,1068.468984417292,0.11482554162226595,0.25350712874158937,0.9604942637352648,-0.03807006015569531,0.9673022858742711,-0.25075278315933336,-0.9926559149629317,-0.007773250260040847,0.12072204052905901
811.3737141849522,237.93547324626405,1068.7075882326658,0.11513241617821751,0.2537868834586592,0.9603836444511675,-0.03802228610499208,0.9672301971546068,-0.25103794826999853,-0.9926222002878616,-0.00761337616312985,0.12100910709150299
811.2900772087206,237.70113676953298,1068.946139431529,0.11543929313782635,0.2540665957359622,0.9602728437954382,-0.037974619466639256,0.9671580074097046,-0.2513231325995556,-0.9925883829041134,-0.007453431050802338,0.12129611902022232
811.2063159814613,237.46679584631175,1069.1846379835154,0.11574617244066347,0.2543462655046149,0.9601618617656047,-0.03792706025995456,0.9670857166365432,-0.25160833606544425,-0.992554462820743,-0.007293414936754921,0.12158307626140381
811.1224305081817,237.23245053373208,1069.4230838582655,0.11605305402629075,0.25462589269572955,0.9600506983592447,-0.037879608504225636,0.9670133248321379,-0.2518935585850918,-0.9925204400468222,-0.007133327834706338,0.12186997876124046
811.03842079392,236.99810088892707,1069.6614770254278,0.11635993783426174,0.25490547724041346,0.9599393535739866,-0.037832264218710596,0.966940831993539,-0.2521788000759146,-0.9924863145914369,-0.006973169758397196,0.12215682646593347
810.954286843747,236.76374696903338,1069.8998174546575,0.11666682380412112,0.25518501906976937,0.9598278274075093,-0.03778502742263546,0.9668682381178344,-0.2524640604553154,-0.9924520864636885,-0.006812940721588106,0.12244361932169147
810.870028662765,236.52938883118986,1070.1381051156172,0.11697371187540433,0.25546451811489546,0.959716119857541,-0.03773789813519751,0.9667955432021471,-0.2527493396406862,-0.9924177556726943,-0.006652640738062475,0.12273035727473021
810.7856462561078,236.2950265325374,1070.3763399779773,0.11728060198763868,0.2557439743068849,0.9596042309218611,-0.037690876375562773,0.9667227472436358,-0.25303463754940614,-0.9923833222275851,-0.006492269821624639,0.1230170402712736
810.7011396289408,236.06066013022019,1070.6145220114142,0.11758749408034233,0.2560233875768264,0.9594921605982988,-0.037643962162868305,0.9666498502394963,-0.25331995409884295,-0.9923487861375082,-0.0063318279861008945,0.12330366825755192
810.6165087864622,235.82628968138457,1070.8526511856132,0.11789438809302466,0.25630275785580353,0.9593799088847341,-0.03759715551621908,0.9665768521869598,-0.25360528920635156,-0.992314147411625,-0.006171315245338073,0.12359024117980401
810.5317537339006,235.59191524317885,1071.090727470266,0.11820128396518675,0.25658208507489655,0.9592674757790967,-0.03755045645469108,0.966503753083294,-0.253890642789276,-0.9922794060591126,-0.006010731613205482,0.12387675898427587
810.446874476517,235.35753687275462,1071.3287508350716,0.1185081816363206,0.2568613691651801,0.959154861279367,-0.037503864997329696,0.9664305529258019,-0.2541760147649478,-0.992244562089163,-0.005850077103593336,0.12416322161722083
810.3618710196042,235.1231546272652,1071.5667212497365,0.11881508104590965,0.2571406100577242,0.959042065383576,-0.03745738116314939,0.9663572517118236,-0.2544614050506864,-0.9922096155109829,-0.005689351730413351,0.12444962902489982
810.2767433684867,234.88876856386676,1071.8046386839746,0.11912198213342902,0.257419807683595,0.9589290880898044,-0.03741100497113513,0.9662838494387355,-0.2547468135637996,-0.9921745663337943,-0.005528555507598914,0.12473598115358177
810.1914915285203,234.65437873971737,1072.042503107507,0.11942888483834456,0.25769896197385384,0.9588159293961838,-0.037364736440241186,0.9662103461039483,-0.25503224022158405,-0.9921394145668343,-0.005367688449104717,0.12502227794954224
810.1061155050932,234.41998521197814,1072.2803144900618,0.1197357891001142,0.25797807285955743,0.9587025893008956,-0.03731857558939128,0.9661367417049112,-0.25531768494132323,-0.9921041602193551,-0.005206750568906958,0.12530851935906556
810.0206153036248,234.1855880378119,1072.5180728013752,0.12004269485818662,0.2582571402717583,0.9585890678021722,-0.03727252243747906,0.9660630362391078,-0.25560314764029,-0.9920688033006239,-0.005045741881003283,0.12559470532844275
809.9349909295668,233.95118727438395,1072.7557780111904,0.12034960205200242,0.2585361641415042,0.9584753648982959,-0.03722657700336788,0.9659892297040588,-0.2558886282357452,-0.9920333438199226,-0.0048846623994128315,0.1258808358039729
809.8492423884027,233.71678297886257,1072.9934300892578,0.12065651062099318,0.2588151443998391,0.9583614805876001,-0.037180739305890526,0.9659153220973208,-0.2561741266449373,-0.991997781786549,-0.0047235121381763515,0.1261669107319623
809.7633696856462,233.48237520841707,1073.231029005335,0.12096342050458228,0.2590940809778015,0.9582474148684669,-0.03713500936384935,0.9658413134164864,-0.2564596427851041,-0.9919621172098148,-0.004562291111355421,0.1264529300587251
809.6773728268454,233.2479640202202,1073.4685747291876,0.1212703316421846,0.2593729738064271,0.9581331677393309,-0.037089387196016746,0.9657672036591847,-0.2567451765734712,-0.9919263500990475,-0.004400999333033902,0.12673889373058356
809.5912518175782,233.01354947144648,1073.7060672305884,0.12157724397320613,0.25965182281674604,0.9580187391986759,-0.03704387282113434,0.9656929928230806,-0.2570307279272524,-0.9918904804635897,-0.004239636817317002,0.12702480169386676
809.5050066634545,232.77913161927262,1073.9435064793163,0.1218841574370447,0.2599306279397842,0.9579041292450362,-0.03699846625791343,0.9656186809058757,-0.25731629676365003,-0.9918545083127988,-0.0040782035783304875,0.1273106538949117
809.4186373701166,232.54471052087774,1074.18089244516,0.12219107197308966,0.2602093891065635,0.9577893378769969,-0.03695316752503529,0.9655442679053072,-0.2576018829998551,-0.9918184336560466,-0.003916699630222566,0.1275964502800634
809.3321439432381,232.31028623344298,1074.4182250979136,0.12249798752072155,0.2604881062481022,0.957674365093193,-0.036907976641150385,0.965469753819149,-0.25788748655304716,-0.9917822565027212,-0.003755124987162645,0.1278821907956746
809.2455263885246,232.07585881415196,1074.655504407379,0.12280490401931263,0.26076677929541286,0.9575592108923108,-0.03686289362487862,0.9653951386452115,-0.25817310734039334,-0.9917459768622247,-0.003593479663341316,0.1281678753881051
809.1587847117132,231.84142832019,1074.8927303433663,0.12311182140822685,0.261045408179505,0.9574438752730857,-0.03681791849481027,0.9653204223813399,-0.2584587452790503,-0.9917095947439746,-0.0034317636729708782,0.12845350400372302
809.0719189185733,231.6069948087449,1075.1299028756923,0.12341873962681965,0.26132399283138374,0.9573283582343051,-0.03677305126950443,0.9652456050254175,-0.2587444002861631,-0.9916731101574034,-0.0032699770302851137,0.12873907658890404
808.9849290149054,231.37255833700704,1075.3670219741812,0.12372565861443804,0.2616025331820497,0.9572126597748056,-0.03672829196748991,0.9651706865753625,-0.25903007227886443,-0.9916365231119585,-0.003108119749538702,0.1290245930900315
808.897815006542,231.1381189621679,1075.6040876086652,0.12403257831042112,0.2618810291624997,0.957096779893475,-0.03668364060726548,0.9650956670291304,-0.25931576117427696,-0.991599833617103,-0.00294619184500835,0.12931005345349655
808.8105768993478,230.9036767414222,1075.841099748983,0.12433949865409855,0.2621594807037262,0.9569807185892515,-0.036639097207299035,0.9650205463847124,-0.2596014668895107,-0.9915630416823138,-0.002784193330992189,0.12959545762569807
808.7232146992187,230.66923173196545,1076.0780583649816,0.12464641958479233,0.2624378877367172,0.9568644758611231,-0.036594661786028784,0.9649453246401349,-0.2598871893416652,-0.991526147317083,-0.00262212422180989,0.12988080555304277
808.6357284120827,230.43478399099638,1076.3149634265149,0.12495334104181646,0.2627162501924577,0.9567480517081294,-0.036550334361861204,0.9648700017934629,-0.26017292844782847,-0.9914891505309191,-0.002459984531801844,0.13016609718194516
808.5481180438991,230.20033357571532,1076.551814903445,0.12526026296447604,0.26299456800192755,0.9566314461293596,-0.036506114953173414,0.9647945778427961,-0.2604586841250769,-0.991452051333344,-0.0022977742753304293,0.13045133245882778
808.4603836006597,229.96588054332454,1076.7886127656402,0.12556718529206787,0.26327284109610355,0.9565146591239536,-0.03646200357831209,0.9647190527862706,-0.26074445629047605,-0.9914148497338953,-0.0021354934667799984,0.13073651133012038
808.372525088388,229.73142495102854,1077.0253569829772,0.12587410796388085,0.2635510694059572,0.9563976906911021,-0.036418000255592435,0.9646434266220593,-0.26103024486107984,-0.991377545742126,-0.0019731421205547205,0.1310216337422609
808.2845425131386,229.4969668560338,1077.2620475253402,0.1261810309191956,0.26382925286245723,0.9562805408300467,-0.03637410500330024,0.9645676993483713,-0.261316049753931,-0.9913401393676026,-0.0018107202510820326,0.1313066996416954
808.1964358809985,229.26250631554845,1077.4986843626202,0.12648795409728394,0.2641073913965683,0.956163209540078,-0.03633031783969024,0.9644918709634517,-0.2616018708860619,-0.9913026306199084,-0.001648227872809661,0.13159170897487732
808.1082051980861,229.02804338678294,1077.7352674647163,0.12679487743740997,0.2643854849392501,0.9560456968205389,-0.03628663878298713,0.9644159414655818,-0.26188770817449275,-0.9912650195086403,-0.0014856650002071925,0.13187666168826823
808.019850470552,228.79357812694963,1077.971796801535,0.1271018008788295,0.2646635334214594,0.9559280026708216,-0.03624306785138463,0.9643399108530804,-0.26217356153623284,-0.9912273060434111,-0.001323031647765338,0.13216155772833754
807.9313717045782,228.55911059326291,1078.20827234299,0.1274087243607901,0.2649415367741488,0.9558101270903696,-0.03619960506304642,0.9642637791243013,-0.2624594308882807,-0.9911894902338482,-0.0011603278299967853,0.13244639704156252
807.8427689063785,228.32464084293863,1078.4446940590026,0.12771564782253086,0.2652194949282672,0.9556920700786765,-0.036156250436105125,0.9641875462776351,-0.2627453161476236,-0.9911515720895935,-0.000997553561435008,0.13273117957442832
807.754042082199,228.09016893319486,1078.6810619195019,0.12802257120328345,0.2654974078147594,0.9555738316352868,-0.036113003988663524,0.9641112123115092,-0.26303121723123807,-0.9911135516203049,-0.0008347088566351782,0.13301590527342838
807.6651912383171,227.8556949212517,1078.9173758944235,0.12832949444227032,0.2657752753645662,0.9554554117597953,-0.03606986573879352,0.9640347772243868,-0.2633171340560888,-0.9910754288356545,-0.0006717937301741014,0.13330057408506302
807.5762163810423,227.62121886433067,1079.1536359537126,0.12863641747870672,0.2660530975086253,0.9553368104518477,-0.036026835704536686,0.9639582410147676,-0.2636030665391306,-0.9910372037453297,-0.000508808196649961,0.1335851859558419
807.4871175167152,227.38674081965576,1079.3898420673195,0.12894334025179957,0.2663308741778698,0.95521802771114,-0.03598391390390374,0.9638816036811881,-0.26388901459730646,-0.9909988763590326,-0.0003457522706817925,0.13386974083228154
807.3978946517093,227.15226084445183,1079.6259942052036,0.12925026270074733,0.2666086053032299,0.9550990635374187,-0.035941100354875154,0.9638048652222205,-0.2641749781475491,-0.9909604466864803,-0.0001826259669106824,0.1341542386609071
807.308547792429,226.9177789959468,1079.8620923373312,0.12955718476474065,0.26688629081563137,0.9549799179304814,-0.035898395075400845,0.9637280256364743,-0.26446095710677936,-0.9909219147374052,-1.9429299999216e-05,0.13443867938825127
807.2190769453107,226.68329533136935,1080.0981364336762,0.12986410638296225,0.26716393064599625,0.9548605908901759,-0.035855798083400135,0.9636510849225942,-0.2647469513919084,-0.990883280521554,0.00014383771536947556,0.134723062960855
807.1294821168228,226.44880990795042,1080.3341264642204,0.13017102749458623,0.26744152472524374,0.9547410824164005,-0.03581330939676184,0.9635740430792625,-0.26503296091983575,-0.9908445440486894,0.00030717506448972056,0.13500738932526724
807.0397633134658,226.21432278292252,1080.5700623989528,0.13047794803877943,0.26771907298428865,0.9546213925091049,-0.03577092903334431,0.9634969001051975,-0.26531898560745054,-0.9908057053285881,0.00047058273263517,0.13529165842804464
806.9499205417708,225.97983401351973,1080.8059442078702,0.13078486795470035,0.2679965753540425,0.9545015211682885,-0.03572865701097491,0.9634196559991535,-0.26560502537163105,-0.9907667643710419,0.0006340607050580031,0.13557587021575251
806.8599538083022,225.7453436569786,1081.0417718609765,0.13109178718149908,0.26827403176541276,0.9543814683940016,-0.03568649334745124,0.9633423107599219,-0.26589108012924423,-0.9907277211858577,0.0007976089669885772,0.1358600246349636
806.7698631196554,225.5108517705366,1081.2775453282836,0.13139870565831846,0.2685514421493038,0.9542612341863457,-0.03564443806053952,0.9632648643863304,-0.2661771497971473,-0.9906885757828577,0.0009612275036362649,0.13614412163225875
806.6796484824575,225.2763584114329,1081.5132645798112,0.13170562332429275,0.26882880643661644,0.9541408185454722,-0.035602491167975925,0.9631873168772426,-0.26646323429218605,-0.990649328171878,0.0011249163001888966,0.13642816115422757
806.5893099033678,225.04186363690906,1081.7489295855858,0.1320125401185491,0.2691061245582479,0.9540202214715835,-0.03556065268746569,0.9631096682315594,-0.2667493335311958,-0.9906099783627711,0.0012886753418130759,0.13671214314746682
806.4988473890771,224.80736750420755,1081.9845403156419,0.13231945598020514,0.26938339644509096,0.953899442964933,-0.03551892263668398,0.9630319184482176,-0.2670354474310012,-0.990570526365403,0.001452504613653326,0.1369960675585818
806.4082609463082,224.57287007057278,1082.2200967400222,0.13262637084837228,0.2696606220280367,0.953778483025824,-0.03547730103327508,0.9629540675261905,-0.26732157590841654,-0.9905309721896557,0.0016164041008333652,0.13727993433418595
806.3175505818159,224.33837139325078,1082.4555988287761,0.13293328466215326,0.26993780123797145,0.9536573416546114,-0.03543578789485223,0.9628761154644884,-0.26760771888024504,-0.9904913158454252,0.0017803737884557063,0.13756374342090077
806.2219860362588,224.14214672984616,1082.6854794087815,0.13323771595853873,0.27016551826223617,0.9535503677248773,-0.03539970434363352,0.9628119558666298,-0.2678432350698037,-0.9904517009822007,0.0019314197814229862,0.1378466453675709
806.1264214907018,223.94592206644154,1082.9153599887868,0.13354214327445438,0.2703931723489323,0.9534432486082984,-0.03536369568536202,0.9627477319641546,-0.26807874519504354,-0.9904119875067839,0.002082533302625704,0.13812949742146047
806.0308569451447,223.74969740303692,1083.1452405687921,0.13384656656099678,0.2706207634614893,0.9533359843220821,-0.03532776192582209,0.9626834437673801,-0.2683142492181322,-0.9903721754255543,0.0022337143277888476,0.138412299537132
805.9352923995876,223.55347273963227,1083.3751211487972,0.1341509857692632,0.27084829156334667,0.9532285748834595,-0.03529190307078627,0.962619091286633,-0.268549747101238,-0.9903322647449072,0.0023849628326267206,0.13869505166915594
805.8397278540306,223.35724807622765,1083.6050017288026,0.13445540085035174,0.27107575661795447,0.9531210203096847,-0.035256119126014854,0.9625546745322513,-0.26878523880653077,-0.990292255471254,0.0025362787928426204,0.13897775377211097
805.7441633084735,223.16102341282303,1083.834882308808,0.1347598117553609,0.2713031585887724,0.9530133206180357,-0.035220410097256204,0.962490193514583,-0.2690207242961808,-0.9902521476110216,0.0026876621841290757,0.1392604058005836
805.6485987629164,222.9647987494184,1084.0647628888132,0.13506421843538993,0.2715304974392706,0.9529054758258131,-0.035184775990246636,0.9624256482439861,-0.2692562035323595,-0.9902119411706533,0.0028391129821678032,0.13954300770916855
805.5530342173594,222.76857408601379,1084.2946434688185,0.13536862084153892,0.27175777313292915,0.9527974859503413,-0.03514921681071049,0.9623610387308291,-0.2694916764772396,-0.9901716361566075,0.002990631162629711,0.1398255594524684
805.4574696718023,222.57234942260916,1084.5245240488239,0.13567301892490838,0.2719849856332384,0.9526893510089679,-0.03511373256435997,0.9622963649854912,-0.26972714309299445,-0.9901312325753591,0.0031422167011748107,0.14010806098509399
805.3619051262452,222.37612475920454,1084.7544046288292,0.13597741263659976,0.272212134903699,0.9525810710190634,-0.03507832325689526,0.9622316270183617,-0.2699626033417986,-0.9900907304333985,0.0032938695734523117,0.1403905122616641
805.2663405806882,222.17990009579992,1084.9842852088343,0.13628180192771505,0.27243922090782136,0.9524726459980224,-0.035042988894004534,0.9621668248398397,-0.2701980571858277,-0.9900501297372317,0.0034455897551006294,0.14067291323680564
805.1707760351311,221.98367543239527,1085.2141657888396,0.13658618674935707,0.2726662436091263,0.9523640759632622,-0.03500772948136395,0.9621019584603355,-0.2704335045872582,-0.9900094304933813,0.0035973772217473858,0.14095526386515356
805.075211489574,221.78745076899065,1085.444046368845,0.1368905670526292,0.27289320297114483,0.9522553609322234,-0.03497254502463755,0.9620370278902689,-0.27066894550826776,-0.989968632708385,0.003749231949009321,0.14123756410135094
804.979646944017,221.59122610558603,1085.6739269488503,0.1371949427886357,0.27312009895741807,0.9521465009223701,-0.03493743552947745,0.9619720331400707,-0.2709043799110351,-0.9899277363887965,0.0039011539124924836,0.14151981390004892
804.8840823984599,221.3950014421814,1085.9038075288556,0.13749931390848152,0.2733469315314975,0.9520374959511897,-0.0349024010015236,0.9619069742201815,-0.2711398077577398,-0.9898867415411853,0.0040531430877920015,0.14180201321590674
804.7885178529028,221.1987767787768,1086.133688108861,0.13780368036327226,0.27357370065694425,0.9519283460361927,-0.03486744144640398,0.9618418511410524,-0.27137522901056277,-0.9898456481721373,0.004205199450492273,0.1420841620035918
804.6929533073458,221.00255211537217,1086.3635686888663,0.13810804210411443,0.27380040629733043,0.9518190511949132,-0.034832556869734535,0.9617766639131446,-0.2716106436316857,-0.9898044562882533,0.004357322976166922,0.14236626021777954
804.5973887617887,220.80632745196755,1086.5934492688714,0.13841239908211514,0.27402704841623765,0.9517096114449081,-0.034797747277119116,0.9617114125469304,-0.27184605158329156,-0.9897631658961505,0.004509513640378712,0.14264830781315357
804.5018242162316,220.61010278856293,1086.8233298488767,0.1387167512483824,0.2742536269772582,0.9516000268037581,-0.03476301267414956,0.9616460970528913,-0.27208145282756424,-0.9897217770024619,0.004661771418679687,0.14293030474440566
804.4062596706746,220.41387812515828,1087.053210428882,0.1390210985540249,0.27448014194399434,0.9514902972890668,-0.034728353066405614,0.9615807174415197,-0.2723168473266887,-0.9896802896138364,0.004814096286611036,0.14321225096623572
804.3106951251175,220.21765346175366,1087.2830910088874,0.13932544095015212,0.27470659328005836,0.9513804229184611,-0.03469376845945507,0.9615152737233185,-0.2725522350428512,-0.9896387037369381,0.004966488219703284,0.14349414643335165
804.2151305795604,220.02142879834904,1087.5129715888927,0.13962977838787438,0.27493298094907337,0.9512704037095916,-0.034659258858853584,0.9614497659088003,-0.2727876159382389,-0.9895970193784477,0.005118947193476064,0.14377599110046974
804.1195660340034,219.8252041349444,1087.742852168898,0.13993411081830276,0.27515930491467216,0.9511602396801315,-0.03462482427014478,0.9613841940084883,-0.27302298997504004,-0.9895552365450614,0.005271473183438304,0.14405778492231427
804.0240014884463,219.6289794715398,1087.9727327489034,0.14023843819254916,0.2753855651404979,0.9510499308477778,-0.034590464698860304,0.9613185580329162,-0.2732583571154441,-0.989513355243491,0.005424066165088188,0.14433952785361776
803.9284369428892,219.43275480813517,1088.2026133289085,0.14054276046172628,0.2756117615902042,0.9509394772302505,-0.03455618015051963,0.9612528579926277,-0.27349371732164157,-0.9894713754804646,0.005576726113913064,0.14462121984912088
803.8328723973322,219.23653014473055,1088.4324939089138,0.14084707757694762,0.2758378942274545,0.950828878845293,-0.03452197063063029,0.9611870938981767,-0.273729070555824,-0.9894292972627255,0.005729453005389588,0.1449028608635725
803.7373078517751,219.0403054813259,1088.662374488919,0.14115138948932754,0.276063963015923,0.9507181357106717,-0.03448783614468771,0.961121265760128,-0.2739644167801842,-0.9893871205970337,0.005882246814983638,0.14518445085172968
803.641743306218,218.84408081792128,1088.8922550689244,0.1414556961499812,0.2762899679192938,0.9506072478441764,-0.034453776698175294,0.9610553735890559,-0.27419975595691604,-0.9893448454901639,0.006035107518150359,0.14546598976835762
803.546178760661,218.64785615451666,1089.1221356489298,0.14175999751002472,0.2765159089012613,0.9504962152636205,-0.0344197922965643,0.9609894173955456,-0.2744350880482145,-0.9893024719489075,0.006188035090334078,0.1457474775682298
803.4506142151039,218.45163149111204,1089.352016228935,0.14206429352057492,0.27674178592553034,0.9503850379868403,-0.03438588294531401,0.9609233971901922,-0.2746704130162757,-0.9892599999800715,0.006341029506968446,0.14602891420612796
803.3550496695468,218.25540682770742,1089.5818968089404,0.14236858413274953,0.27696759895581585,0.9502737160316949,-0.03435204864987172,0.9608573129836011,-0.27490573082329695,-0.9892174295904783,0.006494090743476444,0.14631029963684183
803.2594851239897,218.0591821643028,1089.8117773889455,0.14267286929766718,0.2771933479558431,0.9501622494160675,-0.0343182894156725,0.9607911647863882,-0.27514104143147666,-0.9891747607869666,0.006647218775270147,0.14659163381516963
803.1639205784327,217.86295750089818,1090.0416579689509,0.1429771489664473,0.2774190328893477,0.9500506381578642,-0.03428460524813947,0.9607249526091797,-0.2753763448030145,-0.9891319935763909,0.006800413577751019,0.14687291669591768
803.0683560328756,217.66673283749356,1090.2715385489562,0.14328142309021036,0.2776446537200755,0.9499388822750142,-0.03425099615268371,0.9606586764626118,-0.2756116409001111,-0.9890891279656211,0.00695367512630981,0.14715414823390052
802.9727914873185,217.4705081740889,1090.5014191289615,0.1435856916200775,0.2778702104117827,0.94982698178547,-0.034217462134704175,0.9605923363573312,-0.2758469296849684,-0.9890461639615432,0.0071070033963264835,0.14743532838394102
802.8772269417615,217.27428351068428,1090.7312997089668,0.143889954507171,0.27809570292823577,0.9497149367072072,-0.03418400319958777,0.9605259323039949,-0.2760822111197896,-0.9890031015710591,0.007260398363170295,0.14771645710087028
802.7816623962044,217.07805884727966,1090.9611802889722,0.14419421170261382,0.27832113123321145,0.949602747058225,-0.034150619352709355,0.9604594643132698,-0.2763174851667789,-0.9889599408010863,0.007413860002199811,0.14799753433952761
802.6860978506473,216.88183418387504,1091.1910608689773,0.14449846315752998,0.27854649529049674,0.9494904128565453,-0.034117310599431766,0.9603929323958337,-0.2765527517881417,-0.988916681658558,0.0075673882887629,0.14827856005476062
802.5905333050903,216.68560952047042,1091.4209414489826,0.14480270882304433,0.2787717950638891,0.949377934120214,-0.03408407694510573,0.9603263365623741,-0.27678801094608485,-0.9888733241504235,0.007720983198196706,0.14855953420142523
802.4949687595332,216.4893848570658,1091.650822028988,0.1451069486502828,0.27899703051719643,0.9492653108672995,-0.034050918395069865,0.9602596768235889,-0.27702326260281596,-0.9888298682836478,0.007874644705827636,0.1488404567343856
802.3994042139761,216.29316019366118,1091.8807026089933,0.14541118259037208,0.2792222016142366,0.9491525431158934,-0.03401783495465085,0.9601929531901866,-0.2772585067205443,-0.9887863140652117,0.008028372786971466,0.14912132760851418
802.3038396684191,216.09693553025653,1092.1105831889986,0.14571541059443985,0.27944730831883813,0.949039630884111,-0.03398482662916315,0.9601261656728856,-0.27749374326148,-0.9887426615021117,0.008182167416933206,0.1494021467786918
802.208275122862,215.9007108668519,1092.340463769004,0.14601963261361486,0.27967235059483964,0.9489265741900907,-0.03395189342390929,0.9600593142824146,-0.27772897218783466,-0.9886989106013601,0.008336028571007233,0.14968291419980745
802.1127105773049,215.7044862034473,1092.5703443490092,0.14632384859902672,0.2798973284060903,0.9488133730519939,-0.03391903534417968,0.9599923990295129,-0.27796419346182094,-0.9886550613699852,0.00848995622447722,0.14996362982675857
802.0171460317479,215.50826154004267,1092.8002249290143,0.14662805850180596,0.2801222417164496,0.9487000274880052,-0.0338862523952526,0.9599254199249295,-0.2781994070456527,-0.9886111138150309,0.008643950352616123,0.15024429361445088
801.9215814861908,215.31203687663805,1093.0301055090197,0.14693226227308426,0.28034709048978734,0.9485865375163324,-0.033853544582394375,0.9598583769794241,-0.2784346129015452,-0.9885670679435571,0.008798010930686287,0.15052490551779837
801.8260169406337,215.11581221323343,1093.259986089025,0.14723645986399406,0.2805718746899837,0.9484729031552068,-0.0338209119108592,0.9597912702037665,-0.2786698109917149,-0.988522923762639,0.00895213793393935,0.15080546549172338
801.7304523950767,214.9195875498288,1093.4898666690303,0.147540651225669,0.2807965942809292,0.9483591244228826,-0.0337883543858892,0.9597240996087368,-0.27890500127837936,-0.9884786812793682,0.00910633133761626,0.15108597349115668
801.6348878495196,214.72336288642418,1093.7197472490357,0.14784483630924358,0.2810212492265248,0.9482452013376371,-0.033755872012714426,0.9596568652051254,-0.2791401837237576,-0.9884343405008518,0.009260591116947308,0.15136642947103732
801.5393233039626,214.52713822301953,1093.949627829041,0.1481490150658534,0.2812458394906819,0.9481311339177715,-0.033723464796552804,0.9595895670037325,-0.27937535829006965,-0.9883899014342129,0.0094149172471521,0.15164683338631274
801.4437587584056,214.3309135596149,1094.1795084090463,0.14845318744663505,0.2814703650373221,0.9480169221816089,-0.03369113274261036,0.9595222050153691,-0.2796105249395371,-0.9883453640865898,0.009569309703439688,0.15192718519193862
801.3481942128485,214.1346888962103,1094.4093889890514,0.14875735340272603,0.2816948258303775,0.9479025661474968,-0.03365887585608082,0.9594547792508566,-0.2798456836343826,-0.9883007284651375,0.009723768461008309,0.15220748484287921
801.2526296672914,213.93846423280567,1094.6392695690568,0.1490615128852651,0.28191922183379065,0.9477880658338054,-0.03362669414214604,0.9593872897210258,-0.2800808343368302,-0.9882559945770257,0.0098782934950457,0.15248773229410698
801.1570651217344,213.74223956940105,1094.869150149062,0.14936566584539182,0.28214355301151456,0.9476734212589278,-0.033594587605975626,0.9593197364367185,-0.28031597700910504,-0.988211162429441,0.010032884780728836,0.1527679275006029
801.0615005761773,213.54601490599643,1095.0990307290674,0.149669812234247,0.28236781932751237,0.9475586324412808,-0.033562556252727256,0.9592521194087866,-0.2805511116134338,-0.988166232029585,0.010187542293224154,0.15304807041735619
800.9659360306202,213.3497902425918,1095.3289113090727,0.14997395200297237,0.28259202074575795,0.9474436993993041,-0.03353060008754642,0.959184438648092,-0.2807862381120445,-0.9881212033846754,0.010342266007687334,0.15332816099936464
800.8703714850632,213.15356557918716,1095.558791889078,0.15027808510271076,0.2828161572302355,0.9473286221514606,-0.0334987191155666,0.9591166941655068,-0.2810213564671659,-0.9880760765019455,0.010497055899263533,0.1536081992016343
800.7748069395061,212.95734091578254,1095.7886724690834,0.15058221148460613,0.28304022874493956,0.9472134007162364,-0.03346691334190914,0.9590488859719138,-0.2812564666410288,-0.9880308513886448,0.0106519119430872,0.15388818497917972
800.679242393949,212.76111625237792,1096.0185530490885,0.15088633109980346,0.28326423525387523,0.9470980351121405,-0.033435182771683336,0.9589810140782057,-0.28149156859586494,-0.987985528052038,0.010806834114282174,0.1541681182870239
800.583677848392,212.5648915889733,1096.2484336290938,0.1511904438994488,0.28348817672105797,0.9469825253577057,-0.033403527409986394,0.9589130784952852,-0.28172666229390725,-0.987940106499406,0.010961822387961681,0.15444799908019816
800.4881133028349,212.36866692556868,1096.4783142090992,0.1514945498346893,0.2837120531105136,0.9468668714714872,-0.03337194726190354,0.9588450792340658,-0.2819617476973904,-0.9878945867380453,0.01111687673922841,0.15472782731374227
800.3925487572778,212.17244226216405,1096.7081947891045,0.15179864885667327,0.28393586438627866,0.9467510734720636,-0.03334044233250771,0.9587770163054707,-0.28219682476854996,-0.9878489687752682,0.011271997143174253,0.15500760294270458
