x,y,z,R1,R2,R3,R4,R5,R6,R7,R8,R9
2185.514273710732,752.6784475768496,1059.8271474150176,0.10041901820459528,-0.5840604118300727,0.8054746775136455,-0.07963654249880235,0.8022510779835182,0.5916512731103682,-0.9917530145563771,-0.12355825835276657,0.0340487137961096
2185.5272926020066,752.5892425913485,1060.1985674126652,0.1006973423549627,-0.5840131468084582,0.805474201695827,-0.07959031131771943,0.8022660750141618,0.5916371584220517,-0.9917285049785531,-0.12368423196290507,0.03430427344734715
2185.5403114932806,752.5000376058473,1060.569987410313,0.10097566030004906,-0.5839658460448732,0.8054736536225533,-0.07954408562616119,0.8022810773842347,0.5916230314254928,-0.9917039147189382,-0.12381019152027507,0.034559832274560866
2185.553330384555,752.4108326203461,1060.9414074079605,0.10125397201702684,-0.5839185095431978,0.8054730332938687,-0.07949786542792005,0.8022960850925066,0.5916088921218493,-0.9916792437795496,-0.12393613701454452,0.034815390256790126
2185.5663492758295,752.321627634845,1061.3128274056082,0.10153227748306912,-0.5838711373073154,0.8054723407098242,-0.07945165072678795,0.8023110981377464,0.5915947405122801,-0.9916544921624112,-0.12406206843538241,0.03507094737307435
2185.5793681671034,752.2324226493437,1061.6842474032558,0.10181057667534944,-0.5838237293411124,0.8054715758704764,-0.07940544152655644,0.8023261165187228,0.5915805765979455,-0.9916296598695531,-0.12418798577245896,0.03532650360245303
2185.592387058378,752.1432176638425,1062.0556674009035,0.1020888695710419,-0.5837762856484776,0.8054707387758875,-0.0793592378310166,0.8023411402342041,0.5915664003800061,-0.9916047469030123,-0.1243138890154455,0.03558205892396573
2185.6054059496523,752.0540126783413,1062.427087398551,0.10236715614732105,-0.5837288062333033,0.8054698294261262,-0.07931303964395903,0.8023561692829577,0.5915522118596239,-0.9915797532648324,-0.12443977815401455,0.03583761331665211
2185.6184248409268,751.9648076928402,1062.7985073961988,0.10264543638136205,-0.5836812910994843,0.8054688478212669,-0.07926684696917391,0.8023712036637516,0.5915380110379622,-0.9915546789570635,-0.12456565317783977,0.03609316675955188
2185.6314437322008,751.875602707339,1063.1699273938464,0.10292371025034044,-0.5836337402509185,0.8054677939613897,-0.07922065981045094,0.802386243375352,0.5915237979161847,-0.9915295239817626,-0.124691514076596,0.03634871923170485
2185.644462623475,751.7863977218378,1063.541347391494,0.10320197773143247,-0.5835861536915068,0.8054666678465807,-0.07917447817157942,0.8024012884165257,0.5915095724954564,-0.991504288340993,-0.12481736083995917,0.03660427071215089
2185.6574815147496,751.6971927363367,1063.9127673891417,0.10348023880181478,-0.5835385314251531,0.8054654694769323,-0.07912830205634816,0.8024163387860387,0.5914953347769436,-0.9914789720368247,-0.12494319345760647,0.036859821179929954
2185.6705004060236,751.6079877508355,1064.2841873867892,0.10375849343866456,-0.5834908734557639,0.8054641988525426,-0.07908213146854547,0.8024313944826565,0.5914810847618132,-0.9914535750713345,-0.1250690119192162,0.03711537061408209
2185.683519297298,751.5187827653342,1064.655607384437,0.10403674161915953,-0.583443179787249,0.8054628559735155,-0.0790359664119593,0.8024464555051443,0.5914668224512328,-0.9914280974466054,-0.1251948162144678,0.03737091899364743
2185.6965381885725,751.429577779833,1065.0270273820845,0.10431498332047799,-0.5833954504235209,0.8054614408399609,-0.07898980689037707,0.8024615218522668,0.591452547846372,-0.9914025391647276,-0.1253206063330419,0.03762646629766619
2185.7095570798465,751.3403727943319,1065.3984473797323,0.10459321851979868,-0.5833476853684951,0.8054599534519945,-0.07894365290758582,0.8024765935227881,0.5914382609484007,-0.9913769002277973,-0.12544638226462027,0.037882012505178655
2185.722575971121,751.2511678088307,1065.7698673773798,0.10487144719430094,-0.58329988462609,0.8054583938097382,-0.07889750446737206,0.8024916705154723,0.5914239617584899,-0.991351180637918,-0.1255721439988859,0.03813755759522523
2185.7355948623954,751.1619628233295,1066.1412873750276,0.10514966932116464,-0.5832520482002268,0.8054567619133197,-0.07885136157352192,0.8025067528290827,0.5914096502778117,-0.9913253803971991,-0.12569789152552285,0.03839310154684641
2185.7486137536694,751.0727578378284,1066.512707372675,0.10542788487757017,-0.5832041760948299,0.8054550577628726,-0.07880522422982099,0.8025218404623821,0.5913953265075391,-0.9912994995077569,-0.12582362483421644,0.03864864433908274
2185.761632644944,750.9835528523272,1066.8841273703226,0.10570609384069846,-0.5831562683138266,0.8054532813585366,-0.07875909244005448,0.8025369334141331,0.5913809904488462,-0.9912735379717147,-0.12594934391465312,0.03890418595097492
2185.7746515362182,750.894347866826,1067.2555473679704,0.10598429618773098,-0.5831083248611468,0.8054514327004569,-0.07871296620800708,0.802552031683098,0.5913666421029081,-0.9912474957912017,-0.12607504875652048,0.0391597263615637
2185.7876704274922,750.8051428813249,1067.626967365618,0.10626249189584973,-0.5830603457407237,0.805449511788785,-0.0786668455374631,0.8025671352680381,0.591352281470901,-0.9912213729683543,-0.1262007393495073,0.03941526554988996
2185.840800183907,750.8019940387185,1068.119729162482,0.10670153734600987,-0.583026104938629,0.8054162544225741,-0.07864552452072035,0.8025539106822792,0.591373064927243,-0.9911758993240599,-0.12644279895933574,0.03978134224068027
2185.8937754045214,750.7988039444134,1068.6124964100895,0.10714056386304263,-0.5829917375218132,0.8053828490577672,-0.07862420813643982,0.8025407037420381,0.5913938220273796,-0.9911302303279965,-0.12668485631097012,0.04014739980922529
2185.946596092987,750.7955726109026,1069.1052690503948,0.10757957135834456,-0.5829572434951248,0.805349295699028,-0.078602896400312,0.8025275144407339,0.5914145527826142,-0.9910843659869913,-0.12692691133933554,0.040513438190552996
2185.9992622529794,750.792300050683,1069.5980470253598,0.10801855974331377,-0.5829226228634435,0.8053155943510495,-0.07858158932801788,0.8025143427717781,0.5914352572042554,-0.9910383063079162,-0.1271689639793627,0.040879457319693356
2186.0517738881945,750.7889862762559,1070.09083027695,0.10845752892935116,-0.5828878756316821,0.8052817450185515,-0.07856028693522887,0.802501188728577,0.5914559353036161,-0.9909920512976851,-0.12741101416598757,0.04124545713167723
2186.104131002351,750.7856313001264,1070.58361874714,0.10889647882786012,-0.5828530018047849,0.8052477477062849,-0.0785389892376073,0.8024880523045297,0.5914765870920146,-0.9909456009632559,-0.12765306183415204,0.041611437561537866
2186.1563335991905,750.7822351348045,1071.0764123779081,0.10933540935024719,-0.582818001387729,0.8052136024190272,-0.07851769625080564,0.8024749334930289,0.5914972125807737,-0.9908989553116302,-0.12789510691880324,0.041977398544309284
2186.208381682475,750.7787977928039,1071.569211111241,0.10977432040792107,-0.5827828743855228,0.8051793091615848,-0.07849640799046709,0.8024618322874612,0.5915178117812215,-0.9908521143498525,-0.1281371493548943,0.04234334001502806
2186.260275255991,750.7753192866428,1072.0620148891296,0.1102132119122931,-0.5827476208032077,0.8051448679387933,-0.07847512447222518,0.8024487486812065,0.5915383847046906,-0.990805078085011,-0.12837918907738363,0.04270926190873139
2186.3120143235446,750.7717996288432,1072.5548236535728,0.11065208377477745,-0.5827122406458567,0.8051102787555161,-0.07845384571170409,0.8024356826676388,0.5915589313625182,-0.990757846524237,-0.12862122602123563,0.043075164160459
2186.363598888967,750.768238831932,1073.0476373465754,0.11109093590679182,-0.5826767339185754,0.8050755416166454,-0.07843257172451842,0.8024226342401248,0.5915794517660473,-0.9907104196747056,-0.12886326012142005,0.04344104670525175
2186.415028956109,750.7646369084396,1073.5404559101482,0.11152976821975484,-0.5826411006265009,0.8050406565271021,-0.07841130252627374,0.8024096033920256,0.5915999459266248,-0.9906627975436348,-0.12910529131291262,0.04380690947815249
2186.466304528844,750.7609938709008,1074.0332792863076,0.11196858062508969,-0.5826053407748031,0.8050056234918352,-0.07839003813256522,0.8023965901166952,0.591620413855603,-0.9906149801382866,-0.12934731953069437,0.04417275241420534
2186.5174256110695,750.757309731855,1074.5261074170776,0.11240737303422137,-0.5825694543686838,0.804970442515823,-0.07836877855897934,0.8023835944074823,0.5916408555643385,-0.9905669674659655,-0.12958934470975256,0.04453857544845626
2186.568392206701,750.7535845038451,1075.0189402444882,0.112846145358578,-0.5825334414133766,0.8049351136040709,-0.07834752382109265,0.802370616257728,0.5916612710641935,-0.99051875953402,-0.1298313667850798,0.04490437851595366
2186.6192043196825,750.7498181994189,1075.5117777105754,0.11328489750959005,-0.5824973019141481,0.8048996367616148,-0.07832627393447246,0.8023576556607676,0.5916816603665346,-0.9904703563498424,-0.13007338569167465,0.04527016155174648
2186.6698619539734,750.7460108311277,1076.004619757381,0.11372362939869196,-0.5824610358762958,0.8048640119935175,-0.0783050289146764,0.8023447126099299,0.591702023482733,-0.9904217579208672,-0.13031540136454128,0.045635924490886014
2186.72036511356,750.7421624115273,1076.497466326955,0.1141623409373201,-0.5824246433051505,0.8048282393048712,-0.07828378877725246,0.8023317870985374,0.5917223604241653,-0.9903729642545728,-0.1305574137386899,0.04600166726842555
2186.770713802448,750.7382729531778,1076.9903173613516,0.1146010320369136,-0.5823881242060746,0.8047923187007965,-0.07826255353773957,0.8023188791199064,0.5917426712022125,-0.9903239753584818,-0.13079942274913617,0.04636738981941942
2186.820908024666,750.7343424686435,1077.4831728026327,0.11503970260891541,-0.5823514785844621,0.8047562501864417,-0.07824132321166657,0.8023059886673461,0.5917629558282604,-0.9902747912401587,-0.1310414283309019,0.046733092078924364
2186.8709477842667,750.7303709704922,1077.976032592866,0.11547835256477029,-0.5823147064457403,0.8047200337669853,-0.07822009781455308,0.8022931157341606,0.5917832143137,-0.9902254119072122,-0.13128343041901455,0.047098773981998764
2186.920833085321,750.7263584712969,1078.468896674126,0.11591698181592731,-0.5822778077953676,0.8046836694476326,-0.0781988773619092,0.8022802603136463,0.5918034466699269,-0.9901758373672945,-0.13152542894850747,0.04746443546370296
2186.9705639319254,750.7223049836339,1078.961764988494,0.11635559027383725,-0.582240782638835,0.8046471572336185,-0.07817766186923544,0.8022674223990941,0.5918236529083414,-0.9901260676281006,-0.13176742385441995,0.04783007645909867
2187.0201403281967,750.7182105200839,1079.454637478056,0.11679417784995431,-0.5822036309816653,0.8046104971302065,-0.0781564513520227,0.8022546019837884,0.5918438330403485,-0.9900761026973693,-0.13200941507179698,0.048195696903249395
2187.069562278275,750.7140750932322,1079.9475140849056,0.11723274445573627,-0.5821663528294139,0.8045736891426879,-0.07813524582575253,0.8022417990610072,0.5918639870773587,-0.9900259425828827,-0.13225140253568962,0.048561296731221025
2187.1188297863205,750.7098987156674,1080.4403947511432,0.11767129000264301,-0.5821289481876675,0.804536733276383,-0.0781140453058968,0.802229013624022,0.5918841150307863,-0.9899755872924656,-0.1324933861811549,0.04892687587808083
2187.1679428565176,750.7056813999832,1080.9332794188756,0.11810981440213837,-0.5820914170620458,0.8044996295366404,-0.07809284980791766,0.8022162456660981,0.5919042169120511,-0.989925036833987,-0.13273536594325572,0.04929243427889881
2187.2169014930714,750.7014231587764,1081.4261680302147,0.11854831756568865,-0.5820537594581998,0.8044623779288379,-0.07807165934726808,0.8022034951804946,0.5919242927325775,-0.9898742912153586,-0.13297734175706077,0.0496579718687454
2187.265705700211,750.6971240046489,1081.9190605272797,0.11898679940476331,-0.5820159753818133,0.8044249784583812,-0.07805047393939134,0.8021907621604643,0.5919443425037948,-0.989823350444536,-0.13321931355764488,0.05002348858269375
2187.3143554821845,750.6927839502061,1082.411956852197,0.11942525983083553,-0.5819780648386014,0.8043874311307047,-0.0780292935997208,0.8021780465992532,0.5919643662371368,-0.9897722145295179,-0.1334612812800888,0.050388984355819365
2187.3628508432657,750.6884030080578,1082.9048569470979,0.11986369875538065,-0.581940027834312,0.804349735951271,-0.07800811834368088,0.8021653484901016,0.5919843639440421,-0.989720883478346,-0.13370324485947951,0.050754459123198446
2187.4111917877476,750.6839811908178,1083.3977607541215,0.12030211608987793,-0.5819018643747248,0.804311892925572,-0.07798694818668593,0.8021526678262433,0.5920043356359544,-0.9896693572991057,-0.13394520423090953,0.05111991281991037
2187.459378319946,750.6795185111042,1083.8906682154131,0.1207405117458101,-0.5818635744656513,0.8042739020591277,-0.07796578314414075,0.8021400046009055,0.5920242813243219,-0.9896176359999254,-0.13418715932947792,0.051485345381036184
2187.5074104442,750.6750149815391,1084.3835792731238,0.12117888563466177,-0.5818251581129353,0.8042357633574867,-0.0779446232314411,0.8021273588073097,0.592044201020598,-0.9895657195889772,-0.1344291100902895,0.05185075674165803
2187.5552881648687,750.6704706147483,1084.876493869412,0.1216172376679224,-0.581786615322453,0.8041974768262258,-0.07792346846397236,0.8021147304386707,0.5920640947362398,-0.9895136080744762,-0.13467105644845523,0.05221614683686101
2187.6030114863365,750.6658854233626,1085.369411946442,0.12205556775708358,-0.581747946100112,0.8041590424709512,-0.07790231885711112,0.8021021194881967,0.5920839624827106,-0.9894613014646811,-0.13491299833909212,0.05258151560173154
2187.6505804130056,750.661259420016,1085.862333446385,0.12249387581364067,-0.5817091504518526,0.8041204602972968,-0.0778811744262235,0.8020895259490902,0.592103804271477,-0.9894087997678938,-0.13515493569732337,0.052946862971358664
2187.697994949304,750.6565926173473,1086.3552583114185,0.12293216174909213,-0.5816702283836465,0.8040817303109253,-0.07786003518666687,0.8020769498145476,0.5921236201140119,-0.9893561029924594,-0.13539686845827828,0.05331218888083313
2187.745255099679,750.6518850279991,1086.8481864837272,0.1233704254749398,-0.5816311799014978,0.804042852517528,-0.07783890115378862,0.8020643910777583,0.5921434100217915,-0.989303211146766,-0.13563879655709218,0.053677493265247254
2187.7923608686024,750.647136664618,1087.3411179055015,0.12380866690268888,-0.581592005011443,0.8040038269228253,-0.0778177723429265,0.8020518497319058,0.5921631740062977,-0.9892501242392459,-0.13588071992890677,0.05404277605969634
2187.8393122605667,750.6423475398547,1087.8340525189378,0.12424688594384754,-0.5815527037195501,0.8039646535325652,-0.07779664876940877,0.8020393257701676,0.5921829120790166,-0.9891968422783738,-0.13612263850886955,0.054408037199276636
2187.8861092800857,750.6375176663641,1088.3269902662412,0.12468508250992859,-0.5815132760319192,0.8039253323525245,-0.07777553044855398,0.8020268191857143,0.5922026242514393,-0.9891433652726678,-0.13636455223213464,0.054773276619087395
2187.932751931697,750.6326470568054,1088.8199310896216,0.1251232565124469,-0.5814737219546825,0.8038858633885091,-0.07775441739567106,0.802014329971711,0.592222310535062,-0.9890896932306898,-0.13660646103386204,0.05513849425422986
2187.97924021996,750.6277357238412,1089.3128749312955,0.12556140786292072,-0.5814340414940045,0.803846246646353,-0.07773330962605961,0.8020018581213161,0.5922419709413843,-0.9890358261610447,-0.13684836484921808,0.05550369003980623
2188.0255741494534,750.6227836801389,1089.8058217334867,0.12599953647287315,-0.5813942346560814,0.8038064821319185,-0.0777122071550091,0.8019894036276818,0.5922616054819123,-0.9889817640723805,-0.1370902636133754,0.05586886391092246
2188.071753724783,750.6177909383694,1090.2987714384253,0.12643764225382906,-0.5813543014471416,0.8037665698510972,-0.07769110999779988,0.8019769664839541,0.5922812141681555,-0.988927506973389,-0.13733215726151274,0.05623401580268524
2188.1177789505714,750.6127575112082,1090.7917239883482,0.12687572511731854,-0.5813142418734453,0.8037265098098082,-0.07767001816970225,0.8019645466832729,0.5923007970116287,-0.9888730548728044,-0.13757404572881524,0.05659914565020459
2188.1636498314665,750.6076834113345,1091.2846793254985,0.12731378497487367,-0.581274055941285,0.8036863020140008,-0.07764893168597709,0.8019521442187718,0.5923203540238514,-0.9888184077794053,-0.1378159289504743,0.05696425338859175
2188.209366372137,750.6025686514316,1091.7776373921258,0.12775182173803015,-0.5812337436569849,0.8036459464696507,-0.07762785056187599,0.8019397590835782,0.5923398852163475,-0.9887635657020123,-0.13805780686168762,0.057329338952960066
2188.254928577274,750.5974132441868,1092.2705981304873,0.12818983531832878,-0.5811933050269017,0.803605443182764,-0.07760677481264015,0.801927391270813,0.5923593906006458,-0.9887085286494901,-0.13829967939765897,0.0576944022784255
2188.300336451591,750.5922172022919,1092.7635614828462,0.12862782562731198,-0.5811527400574235,0.8035647921593743,-0.07758570445350174,0.8019150407735914,0.59237887018828,-0.988653296630747,-0.13854154649359898,0.058059443300106386
2188.3455899998235,750.586980538442,1093.2565273914715,0.12906579257652748,-0.5811120487549707,0.8035239934055443,-0.07756463949968284,0.8019027075850222,0.5923983239907882,-0.9885978696547333,-0.1387834080847241,0.0584244619531228
2188.390689226727,750.5817032653367,1093.749495798641,0.1295037360775255,-0.5810712311259958,0.8034830469273648,-0.07754357996639617,0.8018903916982076,0.5924177520197129,-0.9885422477304435,-0.1390252641062576,0.058789458172597245
2188.4356341370813,750.5763853956796,1094.2424666466363,0.1299416560418598,-0.5810302871769829,0.8034419527309558,-0.07752252586884491,0.8018780931062444,0.5924371542866023,-0.9884864308669153,-0.13926711449342866,0.05915443189365395
2188.4804247356883,750.5710269421786,1094.7354398777488,0.13037955238108903,-0.580989216914449,0.8034007108224652,-0.07750147722222203,0.8018658118022226,0.5924565308030084,-0.9884304190732297,-0.1395089591814734,0.059519383051420585
2188.52506102737,750.5656279175448,1095.2284154342738,0.13081742500677362,-0.5809480203449419,0.8033593212080694,-0.07748043404171169,0.8018535477792259,0.592475881580488,-0.9883742123585099,-0.13975079810563373,0.0598843115810251
2188.569543016972,750.5601883344941,1095.721393258515,0.13125527383047997,-0.580906697475042,0.8033177838939742,-0.07745939634248745,0.8018413010303327,0.592495206630603,-0.9883178107319238,-0.13999263120115868,0.06024921741759988
2188.6138707093614,750.5547082057466,1096.214373292782,0.13169309876377633,-0.5808652483113615,0.803276098886413,-0.07743836413971397,0.8018290715486139,0.5925145059649194,-0.9882612142026819,-0.14023445840330312,0.06061410049627787
2188.6580441094275,750.5491875440252,1096.707355479392,0.13213089971823555,-0.580823672860545,0.8032342661916485,-0.07741733744854555,0.8018168593271359,0.5925337795950084,-0.9882044227800377,-0.14047627964732884,0.0609789607521959
2188.7020632220815,750.5436263620583,1097.2003397606675,0.1325686766054338,-0.5807819711292687,0.8031922858159712,-0.07739631628412759,0.8018046643589571,0.5925530275324455,-0.9881474364732881,-0.14071809486850378,0.061343798120491025
2188.745928052256,750.5380246725774,1097.6933260789394,0.13300642933695173,-0.5807401431242406,0.8031501577657016,-0.07737530066159518,0.8017924866371314,0.5925722497888112,-0.9880902552917735,-0.1409599040021027,0.06170861253630462
2188.789638604906,750.532382488318,1098.1863143765438,0.13344415782437333,-0.5806981888522009,0.8031078820471864,-0.07735429059607378,0.8017803261547055,0.5925914463756902,-0.9880328792448773,-0.1412017069834066,0.06207340393477913
2188.8331948850096,750.5266998220201,1098.6793045958239,0.1338818619792861,-0.580656108319922,0.8030654586668028,-0.07733328610267949,0.8017681829047202,0.592610617304672,-0.9879753083420255,-0.14144350374770306,0.06243817225105987
2188.8765968975645,750.5209766864272,1099.1722966791308,0.13431954171328195,-0.5806139015342076,0.8030228876309564,-0.07731228719651853,0.8017560568802102,0.5926297625873512,-0.9879175425926887,-0.14168529423028625,0.06280291742029422
2188.9198446475925,750.5152130942872,1099.6652905688209,0.13475719693795676,-0.5805715685018938,0.8029801689460802,-0.0772912938926874,0.8017439480742043,0.5926488822353264,-0.9878595820063794,-0.14192707836645713,0.06316763937763227
2188.9629381401364,750.5094090583519,1100.1582862072582,0.13519482756490964,-0.580529109229849,0.8029373026186369,-0.07727030620627304,0.8017318564797248,0.5926679762602014,-0.9878014265926544,-0.14216885609152288,0.0635323380582259
2189.0058773802616,750.503564591377,1100.6512835368133,0.13563243350574414,-0.5804865237249726,0.8028942886551172,-0.07724932415235251,0.801719782089788,0.5926870446735844,-0.9877430763611127,-0.14241062734079754,0.06389701339723021
2189.048662373054,750.4976797061221,1101.144282499863,0.13607001467206728,-0.5804438119941967,0.8028511270620406,-0.07722834774599324,0.8017077248974046,0.592706087487088,-0.9876845313213969,-0.14265239204960156,0.06426166532980183
2189.091293123624,750.4917544153507,1101.6372830387918,0.1365075709754908,-0.580400974044485,0.8028078178459551,-0.07720737700225284,0.8016956848955781,0.5927251047123295,-0.9876257914831928,-0.14289415015326212,0.06462629379110053
2189.1337696371006,750.4857887318308,1102.130285095991,0.13694510232762996,-0.5803580098828333,0.802764361013437,-0.07718641193617931,0.8016836620773066,0.5927440963609314,-0.9875668568562299,-0.14313590158711317,0.06499089871628834
2189.176091918638,750.4797826683337,1102.6232886138578,0.13738260864010363,-0.5803149195162693,0.8027207565710915,-0.07716545256281107,0.8016716564355824,0.59276306244452,-0.9875077274502799,-0.14337764628649516,0.06535548004052884
2189.2182599734115,750.4737362376352,1103.1162935347968,0.1378200898245353,-0.5802717029518526,0.8026770045255528,-0.07714449889717656,0.8016596679633912,0.592782002974727,-0.9874484032751588,-0.1436193841867553,0.06572003769898961
2189.2602738066157,750.4676494525147,1103.609299801219,0.1382575457925519,-0.5802283601966743,0.8026331048834819,-0.0771235509542947,0.8016476966537119,0.592800917963188,-0.9873888843407245,-0.14386111522324732,0.0660845716268393
2189.302133423471,750.4615223257558,1104.1023073555434,0.13869497645578574,-0.5801848912578582,0.8025890576515707,-0.07710260874917439,0.8016357424995192,0.5928198074215437,-0.9873291706568791,-0.14410283933133203,0.06644908175925009
2189.343838829217,750.4553548701463,1104.5953161401942,0.1391323817258711,-0.5801412961425596,0.8025448628365378,-0.07708167229681527,0.8016238054937801,0.5928386713614393,-0.9872692622335675,-0.14434455644637662,0.06681356803139578
2189.3853900291174,750.4491470984769,1105.0883260976034,0.1395697615144484,-0.5800975748579654,0.8025005204451318,-0.07706074161220682,0.8016118856294562,0.5928575097945242,-0.9872091590807781,-0.1445862665037553,0.06717803037845295
2189.4267870284557,750.4428990235435,1105.5813371702104,0.14000711573316094,-0.580053727411295,0.8024560304841285,-0.07703981671032874,0.8015999828995026,0.5928763227324532,-0.9871488612085414,-0.1448279694388487,0.06754246873560134
2189.4680298325384,750.4366106581454,1106.0743493004602,0.14044444429365668,-0.5800097538097994,0.8024113929603331,-0.07701889760615152,0.801588097296869,0.5928951101868848,-0.9870883686269326,-0.14506966518704473,0.06790688303802218
2189.5091184466933,750.4302820150856,1106.5673624308054,0.14088174710758733,-0.5799656540607612,0.802366607880579,-0.07699798431463528,0.8015762288144985,0.5929138721694829,-0.9870276813460689,-0.14531135368373752,0.06827127322090006
2189.5500528762727,750.4239131071715,1107.0603765037056,0.14131902408660973,-0.5799214281714956,0.8023216752517291,-0.07697707685073069,0.8015643774453282,0.5929326086919154,-0.9869667993761112,-0.14555303486432847,0.06863563921942185
2189.590833126647,750.4175039472143,1107.553391461627,0.14175627514238334,-0.579877076149349,0.8022765950806734,-0.07695617522937878,0.8015525431822893,0.5929513197658551,-0.9869057227272633,-0.14579470866422567,0.0689999809687767
2189.6314592032104,750.4110545480287,1108.0464072470422,0.14219350018657392,-0.5798325980017001,0.8022313673743313,-0.07693527946551036,0.8015407260183067,0.5929700054029794,-0.9868444514097722,-0.14603637501884395,0.06936429840415705
2189.6719311113793,750.4045649224341,1108.5394238024319,0.14263069913084916,-0.5797879937359594,0.8021859921396511,-0.07691438957404709,0.8015289259463,0.5929886656149698,-0.9867829854339286,-0.1462780338636051,0.06972859146075673
2189.7122488565915,750.398035083253,1109.0324410702826,0.14306787188688308,-0.5797432633595688,0.8021404693836086,-0.07689350556990027,0.8015171429591816,0.5930073004135129,-0.9867213248100652,-0.1465196851339378,0.07009286007377342
2189.752412444307,750.3914650433129,1109.5254589930887,0.14350501836635288,-0.5796984068800031,0.8020947991132089,-0.07687262746797192,0.8015053770498588,0.5930259098102999,-0.9866594695485587,-0.14676132876527767,0.07045710417840735
2189.8019548120765,750.3439234445832,1110.0019765833995,0.14393160298138485,-0.5796276080808163,0.8020695291642244,-0.07686447261846178,0.801511982155296,0.5930180396164809,-0.9865979659984582,-0.14700468840142453,0.07081013399016653
2189.8514971798463,750.2963818458536,1110.47849417371,0.14435816099450605,-0.5795567038385687,0.8020441062622788,-0.0768563221845773,0.8015185889545101,0.5930101662708925,-0.9865362776373431,-0.14724801729104733,0.07116315274993587
2189.9010395476157,750.2488402471239,1110.9550117640208,0.14478469232564428,-0.5794856941665701,0.8020185304121451,-0.07684817616784842,0.8015251974462608,0.5930022897750123,-0.9864744044767934,-0.1474913153884691,0.0715161603914477
2189.9505819153856,750.2012986483942,1111.4315293543316,0.1452111968947322,-0.5794145790781501,0.8019928016186239,-0.07684003456980432,0.801531807629308,0.5929944101303193,-0.9864123465284235,-0.14773458264801861,0.07186915684843645
2190.000124283155,750.1537570496646,1111.9080469446421,0.14563767462170774,-0.5793433585866583,0.8019669198865451,-0.0768318973919733,0.8015384195024103,0.5929865273382923,-0.986350103803883,-0.14797781902403048,0.07222214205463866
2190.049666650925,750.1062154509349,1112.384564534953,0.14606412542651367,-0.579272032705464,0.801940885220767,-0.07682376463588285,0.8015450330643269,0.5929786414004111,-0.986287676314856,-0.14822102447084504,0.07257511594379298
2190.099209018694,750.0586738522052,1112.8610821252637,0.1464905492290979,-0.5792006014479563,0.801914697626177,-0.07681563630305963,0.8015516483138163,0.5929707523181562,-0.986225064073061,-0.1484641989428085,0.07292807844964015
2190.1487513864636,750.0111322534755,1113.3375997155742,0.14691694594941343,-0.579129064827544,0.8018883571076907,-0.07680751239502945,0.8015582652496366,0.5929628600930084,-0.9861622670902515,-0.14870734239427283,0.0732810295059231
2190.1982937542334,749.9635906547459,1113.814117305885,0.14734331550741825,-0.5790574228576558,0.8018618636702528,-0.07679939291331732,0.8015648838705456,0.592954964726449,-0.9860992853782156,-0.14895045477959587,0.07363396904638687
2190.247836122003,749.9160490560162,1114.2906348961958,0.14776965782307552,-0.5789856755517403,0.8018352173188366,-0.07679127785944742,0.8015715041753011,0.5929470662199606,-0.9860361189487759,-0.14919353605314123,0.07398689700477869
2190.2973784897727,749.8685074572865,1114.7671524865063,0.14819597281635352,-0.5789138229232654,0.8018084180584438,-0.07678316723494306,0.8015781261626602,0.5929391645750253,-0.9859727678137897,-0.14943658616927843,0.07433981331484792
2190.346920857542,749.8209658585569,1115.2436700768171,0.14862226040722562,-0.5788418649857194,0.8017814658941056,-0.07677506104132677,0.80158474983138,0.5929312597931268,-0.9859092319851496,-0.14967960508238284,0.07469271791034617
2190.396463225312,749.7734242598272,1115.7201876671277,0.1490485205156703,-0.5787698017526097,0.801754360830881,-0.07676695928012021,0.8015913751802168,0.5929233518757488,-0.9858455114747818,-0.1499225927468356,0.07504561072502718
2190.4460055930813,749.7258826610974,1116.1967052574385,0.14947475306167138,-0.5786976332374638,0.8017271028738581,-0.0767588619528442,0.8015980022079273,0.5929154408243759,-0.9857816062946481,-0.15016554911702376,0.07539849169264695
2190.4955479608507,749.6783410623678,1116.6732228477492,0.14990095796521766,-0.5786253594538293,0.8016996920281537,-0.07675076906101877,0.8016046309132673,0.5929075266404928,-0.9857175164567443,-0.15040847414734032,0.0757513607469637
2190.5450903286205,749.6307994636381,1117.1497404380598,0.1503271351463031,-0.5785529804152731,0.8016721282989135,-0.07674268060616307,0.8016112612949924,0.5928996093255854,-0.9856532419731017,-0.15065136779218408,0.07610421782173789
2190.59463269639,749.5832578649084,1117.6262580283706,0.15075328452492712,-0.5784804961353818,0.8016444116913114,-0.07673459658979546,0.8016178933518581,0.5928916888811399,-0.985588782855785,-0.15089423000595972,0.07645706285073216
2190.6441750641598,749.5357162661788,1118.1027756186813,0.1511794060210941,-0.578407906627762,0.8016165422105505,-0.07672651701343346,0.8016245270826194,0.5928837653086428,-0.9855241391168947,-0.15113706074307787,0.07680989576771151
2190.693717431929,749.4881746674491,1118.5792932089919,0.15160549955481378,-0.5783352119060401,0.8015885198618621,-0.07671844187859371,0.8016311624860311,0.592875838609582,-0.9854593107685655,-0.15137985995795503,0.07716271650644317
2190.7432597996985,749.4406330687194,1119.0558107993027,0.15203156504610107,-0.578262411983862,0.8015603446505069,-0.0767103711867921,0.8016377995608475,0.5928679087854453,-0.9853942978229668,-0.1516226276050137,0.07751552500069664
2190.7928021674684,749.3930914699898,1119.5323283896134,0.15245760241497625,-0.5781895068748937,0.8015320165817734,-0.07670230493954358,0.8016444383058228,0.592859975837721,-0.9853291002923025,-0.15186536363868214,0.07786832118424374
2190.8423445352378,749.3455498712601,1120.008845979924,0.1528836115814648,-0.5781164965928204,0.8015035356609795,-0.07669424313836236,0.8016510787197108,0.5928520397678985,-0.9852637181888113,-0.15210806801339471,0.07822110499085859
2190.8918869030076,749.2980082725304,1120.4853635702348,0.15330959246559756,-0.5780433811513477,0.8014749018934716,-0.07668618578476176,0.8016577208012647,0.5928441005774674,-0.9851981515247668,-0.15235074068359167,0.07857387635431765
2190.941429270777,749.2504666738007,1120.9618811605455,0.15373554498741054,-0.5779701605642004,0.8014461152846246,-0.07667813288025428,0.8016643645492382,0.592836158267918,-0.9851324003124767,-0.15259338160371919,0.0789266352083997
2190.990971638547,749.2029250750711,1121.438398750856,0.15416146906694528,-0.5778968348451234,0.8014171758398425,-0.07667008442635162,0.8016710099623838,0.5928282128407415,-0.9850664645642838,-0.1528359907282294,0.07927938148688586
2191.0405140063162,749.1553834763414,1121.9149163411669,0.1545873646242485,-0.5778234040078815,0.8013880835645575,-0.07666204042456458,0.801677657039454,0.5928202642974292,-0.9850003442925652,-0.15307856801158046,0.07963211512355964
2191.0900563740856,749.1078418776117,1122.3914339314776,0.15501323157937225,-0.5777498680662582,0.8013588384642306,-0.07665400087640317,0.8016843057792014,0.5928123126394731,-0.984934039509733,-0.15332111340823643,0.0799848360522069
2191.1395987418555,749.0603002788821,1122.8679515217882,0.15543906985237416,-0.5776762270340579,0.8013294405443521,-0.07664596578337654,0.8016909561803773,0.5928043578683658,-0.9848675502282337,-0.1535636268726674,0.0803375442066159
2191.189141109625,749.0127586801524,1123.344469112099,0.155864879363317,-0.5776024809251041,0.80129988981044,-0.07663793514699305,0.801697608241734,0.592796399985601,-0.9848008764605481,-0.15380610835934944,0.08069023952057726
2191.2386834773947,748.9652170814227,1123.8209867024098,0.15629066003226913,-0.5775286297532404,0.8012701862680416,-0.07662990896876014,0.8017042619620222,0.592788438992672,-0.9847340182191926,-0.15404855782276464,0.08104292192788408
2191.288225845164,748.9176754826931,1124.2975042927203,0.15671641177930412,-0.5774546735323299,0.8012403299227326,-0.07662188725018446,0.8017109173399932,0.5927804748910733,-0.9846669755167173,-0.15429097521740112,0.08139559136233182
2191.337768212934,748.8701338839634,1124.774021883031,0.1571421345245012,-0.5773806122762555,0.8012103207801181,-0.07661386999277187,0.8017175743743976,0.5927725076823003,-0.9845997483657074,-0.15453336049775296,0.08174824775771841
2191.3873105807033,748.8225922852337,1125.2505394733419,0.15756782818794493,-0.5773064459989194,0.801180158845831,-0.07660585719802732,0.8017242330639858,0.5927645373678481,-0.9845323367787824,-0.1547757136183203,0.08210089104784421
2191.4368529484727,748.7750506865041,1125.7270570636524,0.15799349268972523,-0.577232174714244,0.801149844125533,-0.07659784886745494,0.8017308934075079,0.5927565639492132,-0.9844647407685967,-0.1550180345336093,0.08245352116651204
2191.4863953162426,748.7275090877744,1126.2035746539632,0.1584191279499377,-0.5771577984361719,0.801119376624915,-0.07658984500255804,0.8017375554037136,0.592748587427892,-0.9843969603478392,-0.1552603231981322,0.0828061380475272
2191.535937684012,748.6799674890447,1126.6800922442737,0.1588447338886833,-0.5770833171786641,0.8010887563496961,-0.07658184560483908,0.8017442190513521,0.5927406078053822,-0.9843289955292336,-0.15550257956640728,0.08315874162469748
2191.585480051782,748.6324258903151,1127.1566098345845,0.1592703104260685,-0.5770087309557022,0.8010579833056243,-0.07657385067579969,0.8017508843491729,0.5927326250831816,-0.9842608463255379,-0.15574480359295892,0.08351133183183317
2191.635022419551,748.5848842915854,1127.6331274248953,0.15969585748220536,-0.5769340397812872,0.8010270574984762,-0.07656586021694066,0.8017575512959244,0.5927246392627885,-0.9841925127495449,-0.15598699523231743,0.08386390860274703
2191.684564787321,748.5373426928556,1128.1096450152058,0.16012137497721132,-0.5768592436694401,0.8009959789340572,-0.07655787422976192,0.8017642198903555,0.5927166503457023,-0.984123994814082,-0.15622915443901939,0.0842164718712544
2191.7341071550904,748.4898010941259,1128.5861626055166,0.16054686283120953,-0.5767843426342014,0.8009647476182011,-0.07654989271576257,0.8017708901312142,0.5927086583334223,-0.9840552925320112,-0.15647128116760733,0.08456902157117313
2191.78364952286,748.4422594953963,1129.0626801958274,0.1609723209643287,-0.5767093366896313,0.8009333635567709,-0.0765419156764409,0.8017775620172483,0.592700663227449,-0.983986405916229,-0.15671337537262992,0.08492155763632359
2191.8331918906297,748.3947178966666,1129.539197786138,0.161397749296703,-0.5766342258498097,0.8009018267556576,-0.07653394311329433,0.8017842355472056,0.5926926650292832,-0.9839173349796667,-0.15695543700864198,0.08527408000052875
2191.882734258399,748.3471762979369,1130.0157153764487,0.16182314774847223,-0.5765590101288359,0.800870137220781,-0.07652597502781944,0.8017909107198331,0.5926846637404262,-0.9838480797352901,-0.15719746603020435,0.08562658859761413
2191.932276626169,748.2996346992073,1130.4922329667595,0.1622485162397819,-0.5764836895408296,0.8008382949580904,-0.07651801142151197,0.8017975875338779,0.5926766593623799,-0.9837786401960995,-0.15743946239188408,0.08597908336140785
2191.9818189939383,748.2520931004776,1130.96875055707,0.16267385469078305,-0.5764082640999296,0.8008062999735628,-0.07651005229586684,0.8018042659880867,0.592668651896647,-0.98370901637513,-0.15768142604825433,0.0863315642257406
2192.031361361708,748.2045515017479,1131.4452681473808,0.16309916302163238,-0.5763327338202945,0.800774152273204,-0.07650209765237811,0.8018109460812058,0.5926606413447307,-0.983639208285451,-0.15792335695389434,0.08668403112444573
2192.0809037294775,748.1570099030183,1131.9217857376916,0.16352444115249223,-0.5762570987161026,0.8007418518630489,-0.076494147492539,0.8018176278119812,0.5926526277081345,-0.983569215940167,-0.15816525506338958,0.08703648399135913
2192.130446097247,748.1094683042886,1132.3983033280022,0.16394968900353063,-0.576181358801552,0.8007093987491608,-0.07648620181784188,0.8018243111791586,0.592644610988363,-0.9834990393524163,-0.1584071203313316,0.0873889227603194
2192.179988465017,748.0619267055589,1132.874820918313,0.16437490649492126,-0.5761055140908603,0.8006767929376318,-0.0764782606297783,0.8018309961814835,0.5926365911869208,-0.9834286785353727,-0.1586489527123182,0.08774134736516774
2192.229530832786,748.0143851068293,1133.3513385086237,0.1648000935468436,-0.5760295645982649,0.8006440344345825,-0.07647032392983898,0.8018376828177008,0.5926285683053135,-0.9833581335022441,-0.1588907521609533,0.08809375773974808
2192.279073200556,747.9668435080996,1133.8278560989343,0.16522525007948274,-0.5759535103380227,0.8006111232461621,-0.07646239171951372,0.8018443710865556,0.5926205423450469,-0.9832874042662725,-0.15913251863184696,0.0884461538179069
2192.3286155683254,747.9193019093699,1134.304373689245,0.16565037601302954,-0.5758773513244105,0.8005780593785489,-0.07645446400029157,0.8018510609867923,0.5926125133076281,-0.9832164908407355,-0.15937425207961556,0.08879853553349347
2192.378157936095,747.8717603106402,1134.7808912795558,0.16607547126768055,-0.5758010875717247,0.800544842837949,-0.0764465407736607,0.8018577525171549,0.5926044811945637,-0.9831453932389445,-0.15961595245888155,0.0891509028203597
2192.4277003038646,747.8242187119106,1135.2574088698664,0.16650053576363816,-0.5757247190942812,0.8005114736305984,-0.07643862204110842,0.8018644456763875,0.5925964460073618,-0.9830741114742458,-0.15985761972427362,0.08950325561236024
2192.477242671634,747.7766771131809,1135.7339264601771,0.16692556942111048,-0.5756482459064157,0.8004779517627606,-0.07643070780412121,0.8018711404632337,0.5925884077475307,-0.9830026455600205,-0.16009925383042675,0.08985559384335244
2192.526785039404,747.7291355144512,1136.2104440504877,0.16735057216031143,-0.5755716680224836,0.8004442772407283,-0.07642279806418474,0.8018778368764367,0.5925803664165794,-0.9829309955096834,-0.16034085473198204,0.0902079174471964
2192.5763274071733,747.6815939157216,1136.6869616407985,0.16777554390146077,-0.5754949854568597,0.8004104500708231,-0.07641489282278376,0.8018845349147394,0.5925723220160173,-0.9828591613366848,-0.1605824223835869,0.09056022635775494
2192.625869774943,747.6340523169919,1137.1634792311092,0.16820048456478398,-0.5754181982239389,0.8003764702593945,-0.07640699208140224,0.8018912345768845,0.5925642745473544,-0.9827871430545093,-0.1608239567398949,0.09091252050889367
2192.6754121427125,747.5865107182622,1137.6399968214198,0.1686253940705125,-0.5753413063381352,0.8003423378128213,-0.07639909584152327,0.8018979358616145,0.5925562240121014,-0.9827149406766756,-0.16106545775556597,0.09126479983448095
2192.724954510482,747.5389691195326,1138.1165144117306,0.16905027233888348,-0.5752643098138828,0.8003080527375108,-0.07639120410462912,0.8019046387676712,0.5925481704117695,-0.9826425542167376,-0.16130692538526623,0.09161706426838793
2192.7744968782517,747.4914275208029,1138.5930320020414,0.16947511929014003,-0.5751872086656348,0.8002736150398987,-0.07638331687220122,0.8019113432937964,0.5925401137478707,-0.9825699836882835,-0.16154835958366806,0.09196931374448855
2192.824039246021,747.4438859220732,1139.069549592352,0.16989993484453114,-0.5751100029078648,0.8002390247264498,-0.07637543414572012,0.8019180494387319,0.5925320540219171,-0.982497229104936,-0.16178976030545017,0.09232154819665957
2192.873581613791,747.3963443233436,1139.5460671826627,0.17032471892231163,-0.5750326925550657,0.8002042818036571,-0.07636755592666554,0.8019247572012185,0.5925239912354219,-0.9824242904803521,-0.16203112750529747,0.09267376755878055
2192.9231239815604,747.3488027246138,1140.0225847729735,0.17074947144374228,-0.5749552776217498,0.8001693862780426,-0.07635968221651637,0.801931466579997,0.5925159253898984,-0.9823511678282238,-0.16227246113790122,0.0930259717647339
