x,y,z,R1,R2,R3,R4,R5,R6,R7,R8,R9
224.82788355648916,479.6989582445365,1063.3517742311262,-0.10939516644245056,0.027537295457920455,0.9936168249973888,0.9155526879851168,0.39201373713150484,0.08993611856989824,-0.387034847374569,0.9195471316137387,-0.06809625289756746
224.87515863889578,479.6714907176016,1063.3632982695094,-0.1092730016724074,0.027573596045837083,0.9936292607942878,0.9154952921208356,0.39217959473935426,0.08979719135174544,-0.3872050893390843,0.9194753190114332,-0.06809813887864306
224.9224337213024,479.6440231906667,1063.3748223078924,-0.1091508416885803,0.02760991881165106,0.9936416789476418,0.915437849366996,0.392345434491591,0.08965826219559266,-0.3873753189156525,0.9194034764002248,-0.06809999910556414
224.969708803709,479.6165556637318,1063.3863463462756,-0.10902868649712193,0.027646263753534312,0.9936540794568209,0.9153803597264906,0.39251125637986606,0.08951933110842587,-0.38754553609571263,0.9193316037837321,-0.06810183357823556
225.01698388611564,479.5890881367969,1063.3978703846587,-0.1089065361041846,0.027682630869657672,0.9936664623211966,0.9153228232022126,0.3926770603958315,0.08938039809723107,-0.3877157408707042,0.9192597011655753,-0.0681036422965635
225.06425896852227,479.5616206098619,1063.409394423042,-0.10878439051592051,0.027719020158190822,0.9936788275401411,0.915265239797059,0.3928428465311404,0.08924146316899446,-0.38788593323206744,0.9191877685493758,-0.06810542526045547
225.1115340509289,479.534153082927,1063.420918461425,-0.10866224973848149,0.02775543161730236,0.9936911751130272,0.9152076095139283,0.3930086147774464,0.08910252633070223,-0.38805611317124317,0.9191158059387565,-0.06810718246982018
225.15880913333552,479.5066855559921,1063.432442499808,-0.10854011377801923,0.02779186524515975,0.9937035050392291,0.915149932355722,0.3931743651264043,0.08896358758934073,-0.38822628067967285,0.9190438133373423,-0.06810891392456772
225.20608421574212,479.47921802905717,1063.4439665381913,-0.10841798264068513,0.02782832103992934,0.9937158173181218,0.9150922083253433,0.39334009756966976,0.08882464695189642,-0.38839643574879845,0.9189717907487591,-0.06811061962460943
225.25335929814875,479.45175050212225,1063.4554905765744,-0.10829585633263036,0.027864798999776376,0.9937281119490805,0.9150344374256982,0.3935058120988993,0.08868570442535577,-0.38856657837006287,0.9188997381766346,-0.06811229956985798
225.30063438055538,479.42428297518734,1063.4670146149574,-0.10817373486000582,0.02790129912286496,0.9937403889314822,0.914976619659695,0.39367150870575035,0.08854676001670546,-0.38873670853490927,0.9188276556245979,-0.06811395376022732
225.347909462962,479.3968154482524,1063.4785386533406,-0.1080516182289622,0.02793782140735809,0.9937526482647043,0.9149187550302442,0.3938371873818814,0.0884078137329322,-0.3889068262347816,0.9187555430962794,-0.0681155821956327
225.39518454536864,479.3693479213175,1063.4900626917238,-0.10792950644564997,0.027974365851417687,0.9937648899481252,0.9148608435402588,0.3940028481189513,0.08826886558102277,-0.3890769314611246,0.9186834005953115,-0.0681171848759906
225.44245962777524,479.3418803943826,1063.501586730107,-0.10780739951621926,0.02801093245320448,0.9937771139811241,0.9148028851926541,0.39416849090862066,0.08812991556796414,-0.38924702420538326,0.9186112281253275,-0.06811876180121891
225.48973471018186,479.31441286744763,1063.51311076849,-0.10768529744682007,0.028047521210878126,0.9937893203630813,0.9147448799903477,0.3943341157425503,0.08799096370074326,-0.3894171044590035,0.9185390256899628,-0.06812031297123677
225.5370097925885,479.2869453405127,1063.524634806873,-0.10756320024360205,0.0280841321225972,0.9938015090933777,0.9146868279362597,0.3944997226124021,0.08785200998634725,-0.3895871722134319,0.9184667932928541,-0.06812183838596457
225.58428487499512,479.2594778135778,1063.5361588452563,-0.10744110791271475,0.02812076518651911,0.9938136801713955,0.9146287290333123,0.394665311509839,0.08771305443176326,-0.3897572274601155,0.9183945309376392,-0.068123338045324
225.63155995740175,479.2320102866429,1063.5476828836395,-0.10731902046030731,0.02815742040080016,0.9938258335965172,0.9145705832844304,0.39483088242652475,0.08757409704397863,-0.3899272701905019,0.9183222386279579,-0.06812481194923811
225.67883503980838,479.204542759708,1063.5592069220224,-0.1071969378925287,0.028194097763595518,0.9938379693681269,0.9145123906925413,0.39499643535412415,0.08743513782998072,-0.39009730039603957,0.9182499163674517,-0.06812626009763124
225.72611012221498,479.17707523277306,1063.5707309604056,-0.10707486021552766,0.028230797273059268,0.993850087485609,0.9144541512605743,0.3951619702843026,0.08729617679675698,-0.3902673180681775,0.9181775641597628,-0.06812768249042898
225.7733852046216,479.14960770583815,1063.5822549987888,-0.10695278743545268,0.0282675189273444,0.9938621879483488,0.9143958649914611,0.3953274872087267,0.08715721395129498,-0.39043732319836527,0.9181051820085356,-0.0681290791275582
225.82066028702823,479.12214017890324,1063.593779037172,-0.10683071955845197,0.028304262724602732,0.993874270755733,0.9143375318881358,0.3954929861190637,0.08701824930058238,-0.3906073157780531,0.9180327699174158,-0.0681304500089471
225.86793536943486,479.0946726519683,1063.605303075555,-0.10670865659067351,0.028341028662985004,0.9938863359071486,0.9142791519535353,0.395658467006982,0.08687928285160693,-0.3907772957986919,0.9179603278900503,-0.06813179513452519
225.9152104518415,479.06720512503335,1063.6168271139381,-0.1065865985382651,0.028377816740640865,0.9938983834019839,0.9142207251905979,0.39582392986415066,0.08674031461135641,-0.39094726325173323,0.9178878559300883,-0.06813311450422321
225.9624855342481,479.03973759809844,1063.6283511523213,-0.10646454540737414,0.02841462695571874,0.9939104132396281,0.9141622516022654,0.39598937468224,0.08660134458681883,-0.39111721812862915,0.9178153540411795,-0.06813440811797333
226.00976061665472,479.0122700711635,1063.6398751907045,-0.1063424972041479,0.028451459306366052,0.993922425419471,0.9141037311914811,0.3961548014529209,0.08646237278498213,-0.39128716042083245,0.917742822226976,-0.06813567597570887
226.05703569906134,478.9848025442286,1063.6513992290875,-0.10622045393473342,0.028488313790729115,0.9939344199409034,0.9140451639611911,0.3963202101678653,0.08632339921283445,-0.3914570901197966,0.9176702604911309,-0.06813691807736447
226.10431078146797,478.9573350172937,1063.6629232674707,-0.10609841560527741,0.028525190406953026,0.9939463968033169,0.9139865499143435,0.39648560081874606,0.086184423877364,-0.3916270072169757,0.9175976688372988,-0.06813813442287615
226.1515858638746,478.9298674903588,1063.6744473058538,-0.10597638222192636,0.028562089153181806,0.9939583560061044,0.9139278890538891,0.3966509733972369,0.08604544678555903,-0.39179691170382425,0.917525047269136,-0.0681393250121812
226.1988609462812,478.9023999634239,1063.6859713442368,-0.10585435379082657,0.028599010027558446,0.9939702975486592,0.9138691813827811,0.3968163278950124,0.08590646794440794,-0.39196680357179764,0.9174523957903001,-0.06814048984521812
226.24613602868783,478.87493243648896,1063.69749538262,-0.10573233031812398,0.028635953028224758,0.9939822214303757,0.9138104269039745,0.39698166430374826,0.08576748736089918,-0.39213668281235187,0.9173797144044505,-0.06814162892192674
226.29341111109446,478.84746490955405,1063.7090194210032,-0.10561031180996434,0.028672918153321385,0.9939941276506491,0.9137516256204273,0.3971469826151209,0.08562850504202128,-0.39230654941694354,0.917307003115248,-0.0681427422422483
226.34068619350109,478.8199973826191,1063.7205434593864,-0.10548829827249322,0.02870990540098796,0.9940060162088756,0.9136927775350994,0.3973122828208076,0.08548952099476292,-0.3924764033770298,0.9172342619263547,-0.06814382980612516
226.3879612759077,478.79252985568417,1063.7320674977693,-0.1053662897118558,0.028746914769362877,0.9940178871044526,0.9136338826509535,0.39747756491248687,0.08535053522611281,-0.39264624468406856,0.9171614908414345,-0.06814489161350117
226.4352363583143,478.76506232874925,1063.7435915361525,-0.10524428613419715,0.028783946256583596,0.9940297403367774,0.9135749409709538,0.39764282888183766,0.08521154774305974,-0.3928160733295183,0.9170886898641524,-0.0681459276643212
226.48251144072094,478.73759480181434,1063.7551155745357,-0.10512228754566194,0.028820999860786286,0.9940415759052493,0.9135159524980682,0.3978080747205403,0.08507255855259263,-0.39298588930483813,0.9170158589981755,-0.06814693795853174
226.52978652312757,478.7101272748794,1063.7666396129189,-0.10500029395239474,0.028858075580106102,0.9940533938092679,0.9134569172352658,0.3979733024202757,0.08493356766170047,-0.3931556926014878,0.9169429982471716,-0.06814792249608033
226.5770616055342,478.6826597479445,1063.7781636513018,-0.10487830536053977,0.028895173412677066,0.9940651940482337,0.9133978351855185,0.3981385119727258,0.08479457507737231,-0.3933254832109278,0.9168701076148109,-0.06814888127691589
226.62433668794083,478.6551922210096,1063.789687689685,-0.10475632177624103,0.028932293356632083,0.9940769766215481,0.9133387063518006,0.3983037033695735,0.0846555808065973,-0.3934952611246192,0.9167971871047644,-0.06814981430098863
226.67161177034743,478.6277246940747,1063.8012117280682,-0.10463434320564229,0.02896943541010289,0.994088741528614,0.9132795307370885,0.3984688766025025,0.08451658485636472,-0.39366502633402356,0.9167242367207051,-0.06815072156825012
226.71888685275405,478.6002571671398,1063.8127357664514,-0.10451236965488697,0.029006599571220197,0.9941004887688342,0.9132203083443612,0.3986340316631978,0.08437758723366387,-0.3938347788306033,0.9166512564663071,-0.06815160307865314
226.76616193516068,478.5727896402048,1063.8242598048344,-0.1043904011301184,0.02904378583811353,0.9941122183416129,0.9131610391766,0.3987991685433445,0.08423858794548418,-0.3940045186058214,0.9165782463452462,-0.06815245883215183
226.8134370175673,478.5453221132699,1063.8357838432175,-0.10426843763747952,0.029080994208911415,0.9941239302463553,0.9131017232367884,0.39896428723462946,0.08409958699881512,-0.3941742456511414,0.9165052063611997,-0.06815328882870147
226.86071209997394,478.517854586335,1063.8473078816007,-0.10414647918311307,0.029118224681741075,0.9941356244824672,0.9130423605279129,0.39912938772874007,0.08396058440064633,-0.39434395995802757,0.9164321365178465,-0.06815409306825893
226.90798718238057,478.49038705940006,1063.858831919984,-0.10402452577316154,0.029155477254728845,0.9941473010493554,0.912982951052961,0.39929447001736457,0.08382158015796738,-0.3945136615179448,0.9163590368188665,-0.06815487155078201
226.95526226478717,478.46291953246515,1063.8703559583669,-0.10390257741376716,0.02919275192599975,0.9941589599464278,0.912923494814924,0.39945953409219226,0.08368257427776808,-0.3946833503223587,0.916285907267942,-0.06815562427623013
227.0025373471938,478.43545200553024,1063.88187999675,-0.10378063411107186,0.029230048693677773,0.9941706011730929,0.9128639918167947,0.3996245799449134,0.08354356676703828,-0.39485302636273534,0.9162127478687561,-0.06815635124456386
227.04981242960042,478.4079844785953,1063.8934040351332,-0.10365869587121743,0.029267367555885854,0.9941822247287601,0.9128044420615685,0.39978960756721893,0.08340455763276784,-0.39502268963054155,0.9161395586249933,-0.068157052455745
227.09708751200705,478.3805169516604,1063.9049280735164,-0.10353676270034533,0.029304708510745785,0.99419383061284,0.9127448455522433,0.3999546169508011,0.08326554688194678,-0.39519234011724486,0.9160663395403403,-0.06815772790973675
227.14436259441368,478.3530494247255,1063.9164521118994,-0.10341483460459672,0.029342071556378104,0.9942054188247439,0.912685202291819,0.4001196080873526,0.08312653452156517,-0.3953619778143133,0.9159930906184848,-0.06815837760650365
227.19163767682028,478.3255818977905,1063.9279761502826,-0.10329291159011256,0.02937945669090246,0.9942169893638835,0.9126255122832981,0.40028458096856745,0.08298752055861318,-0.3955316027132157,0.915919811863116,-0.06815900154601136
227.2389127592269,478.2981143708556,1063.9395001886658,-0.10317099366303359,0.029416863912437235,0.9942285422296723,0.9125657755296854,0.40044953558614027,0.08284850500008104,-0.39570121480542136,0.9158465032779247,-0.068159599728227
227.28618784163353,478.2706468439207,1063.951024227049,-0.10304908082950026,0.029454293219099804,0.9942400774215241,0.9125059920339881,0.40061447193176686,0.08270948785295903,-0.3958708140824004,0.9157731648666032,-0.06816017215311884
227.33346292404016,478.2431793169858,1063.962548265432,-0.10292717309565272,0.0294917446090063,0.9942515949388538,0.9124461617992157,0.4007793899971438,0.08257046912423764,-0.3960404005356234,0.9156997966328453,-0.06816071882065664
227.3807380064468,478.2157117900509,1063.974072303815,-0.10280527046763088,0.02952921808027184,0.994263094781077,0.9123862848283801,0.40094428977396873,0.0824314488209073,-0.3962099741565618,0.9156263985803464,-0.06816123973081128
227.4280130888534,478.18824426311596,1063.9855963421983,-0.1026833729515745,0.029566713631010426,0.9942745769476102,0.9123263611244954,0.4011091712539399,0.08229242694995856,-0.39637953493668754,0.9155529707128033,-0.06816173488355502
227.47528817126002,478.16077673618105,1063.9971203805812,-0.1025614805536229,0.02960423125933489,0.9942860414378715,0.9122663906905784,0.40127403442875687,0.08215340351838209,-0.3965490828674732,0.9154795130339142,-0.06816220427886142
227.52256325366665,478.13330920924614,1064.0086444189644,-0.1024395932799153,0.029641770963357027,0.9942974882512785,0.9122063735296476,0.40143887929011973,0.08201437853316858,-0.3967186179403921,0.9154060255473789,-0.06816264791670526
227.56983833607327,478.1058416823112,1064.0201684573476,-0.10231771113659063,0.02967933274118752,0.9943089173872509,0.9121463096447244,0.40160370582972976,0.08187535200130881,-0.3968881401469181,0.9153325082568987,-0.06816306579706262
227.6171134184799,478.07837415537625,1064.0316924957308,-0.10219583412978744,0.029716916590935786,0.9943203288452087,0.9120861990388327,0.4017685140392893,0.08173632392979374,-0.3970576494785258,0.9152589611661766,-0.06816345791991107
227.6643885008865,478.05090662844134,1064.0432165341138,-0.1020739622656442,0.029754522510710358,0.9943317226245733,0.9120260417149982,0.4019333039105012,0.08159729432561424,-0.3972271459266904,0.9151853842789166,-0.06816382428522919
227.71166358329313,478.0234391015064,1064.054740572497,-0.10195209555029901,0.02979215049861851,0.9943430987247661,0.9119658376762493,0.4020980754350695,0.08145826319576137,-0.39739662948288773,0.9151117775988247,-0.06816416489299704
227.75893866569976,477.9959715745715,1064.0662646108801,-0.10183023398988972,0.029829800552766392,0.9943544571452105,0.9119055869256167,0.4022628286046991,0.08131923054722626,-0.3975661001385944,0.9150381411296081,-0.06816447974319598
227.8062137481064,477.9685040476366,1064.0777886492633,-0.10170837759055397,0.029867472671259176,0.9943657978853299,0.9118452894661334,0.40242756341109587,0.08118019638700007,-0.39773555788528747,0.9149644748749757,-0.0681647688358085
227.85348883051302,477.9410365207017,1064.0893126876463,-0.1015865263584291,0.02990516685220082,0.9943771209445489,0.9117849453008346,0.40259227984596646,0.08104116072207405,-0.39790500271444473,0.9148907788386376,-0.06816503217081855
227.90076391291961,477.9135689937668,1064.1008367260295,-0.10146468029965217,0.029942883093694108,0.9943884263222932,0.9117245544327582,0.4027569779010187,0.08090212355943958,-0.39807443461754477,0.9148170530243058,-0.06816526974821142
227.94803899532624,477.88610146683186,1064.1123607644126,-0.10134283942036006,0.029980621393840914,0.994399714017989,0.9116641168649443,0.402921657567961,0.08076308490608804,-0.39824385358606657,0.9147432974356936,-0.06816548156797345
227.99531407773287,477.85863393989695,1064.1238848027958,-0.10122100372668931,0.030018381750741816,0.9944109840310635,0.9116036326004352,0.4030863188385031,0.08062404476901093,-0.39841325961148993,0.9146695120765157,-0.06816566763009249
228.0425891601395,477.831166412962,1064.1354088411788,-0.10109917322477624,0.030056164162496388,0.9944222363609452,0.9115431016422756,0.40325096170435526,0.08048500315519982,-0.3985826526852953,0.9145956969504884,-0.06816582793455757
228.08986424254613,477.80369888602706,1064.146932879562,-0.1009773479207569,0.030093968627202997,0.9944334710070629,0.9114825239935127,0.40341558615722906,0.08034596007164635,-0.3987520327989637,0.9145218520613294,-0.06816596248135916
228.13713932495273,477.77623135909215,1064.1584569179452,-0.10085552782076704,0.030131795142958967,0.9944446879688469,0.9114218996571962,0.4035801921888367,0.08020691552534222,-0.39892139994397685,0.9144479774127582,-0.06816607127048889
228.18441440735936,477.74876383215724,1064.1699809563283,-0.10073371293094224,0.030169643707860558,0.9944558872457275,0.9113612286363776,0.40374477979089135,0.08006786952327924,-0.3990907541118171,0.9143740730084954,-0.06816615430193967
228.23168948976598,477.7212963052223,1064.1815049947113,-0.10061190325741771,0.030207514320002765,0.9944670688371369,0.9113005109341112,0.4039093489551074,0.07992882207244928,-0.39926009529396755,0.9143001388522634,-0.06816621157570586
228.2789645721726,477.6938287782874,1064.1930290330945,-0.1004900988063285,0.03024540697747967,0.9944782327425075,0.9112397465534534,0.4040738996731997,0.07978977317984422,-0.3994294234819118,0.9142261749477858,-0.06816624309178293
228.32623965457924,477.6663612513525,1064.2045530714777,-0.10036829958380929,0.030283321678384052,0.9944893789612728,0.9111789354974631,0.40423843193688436,0.07965072285245613,-0.39959873866713425,0.9141521812987881,-0.06816624885016781
228.37351473698587,477.6388937244176,1064.2160771098609,-0.10024650559599463,0.030321258420807764,0.9945005074928673,0.9111180777692016,0.4044029457378784,0.07951167109727705,-0.39976804084111983,0.9140781579089969,-0.06816622885085856
228.42078981939247,477.6114261974827,1064.2276011482438,-0.10012471684901868,0.030359217202841404,0.9945116183367263,0.9110571733717325,0.40456744106789955,0.07937261792129918,-0.3999373299953542,0.9140041047821406,-0.06816618309385465
228.4680649017991,477.5839586705477,1064.239125186627,-0.10000293334901539,0.030397198022574474,0.994522711492286,0.9109962223081216,0.4047319179186668,0.0792335633315147,-0.4001066061213237,0.9139300219219488,-0.0681661115791569
228.51533998420572,477.5564911436128,1064.2506492250102,-0.09988115510211845,0.030435200878095495,0.9945337869589833,0.910935224581437,0.40489637628189973,0.07909450733491591,-0.4002758692105152,0.913855909332153,-0.06816601430676723
228.56261506661235,477.5290236166779,1064.2621732633934,-0.0997593821144613,0.030473225767491712,0.9945448447362563,0.9108741801947497,0.40506081614931916,0.07895544993849522,-0.40044511925441634,0.9137817670164857,-0.06816589127668904
228.60989014901898,477.50155608974296,1064.2736973017763,-0.09963761439217705,0.030511272688849372,0.9945558848235438,0.9108130891511322,0.40522523751264655,0.07881639114924503,-0.4006143562445154,0.9137075949786813,-0.06816574248892694
228.65716523142558,477.47408856280805,1064.2852213401595,-0.09951585194139863,0.030549341640253577,0.9945669072202857,0.9107519514536603,0.4053896403636045,0.07867733097415786,-0.4007835801723013,0.9136333932224754,-0.06816556794348681
228.7044403138322,477.44662103587314,1064.2967453785427,-0.09939409476825864,0.030587432619788277,0.9945779119259225,0.9106907671054112,0.4055540246939165,0.0785382694202263,-0.4009527910292636,0.9135591617516055,-0.06816536764037597
228.75171539623884,477.4191535089382,1064.3082694169257,-0.09927234287888949,0.03062554562553645,0.9945888989398958,0.910629536109465,0.40571839049530684,0.078399206494443,-0.4011219888068926,0.91348490056981,-0.06816514157960277
228.79899047864546,477.3916859820033,1064.3197934553089,-0.0991505962794232,0.030663680655579752,0.9945998682616478,0.9105682584689042,0.4058827377595009,0.07826014220380066,-0.40129117349667914,0.9134106096808295,-0.06816488976117717
228.8462655610521,477.3642184550684,1064.331317493692,-0.09902885497599163,0.030701837707998923,0.994610819890622,0.9105069341868134,0.4060470664782251,0.0781210765552921,-0.40146034509011475,0.9133362890884055,-0.0681646121851102
228.8935406434587,477.3367509281334,1064.3428415320752,-0.09890711897472637,0.030740016780873482,0.9946217538262627,0.9104455632662796,0.40621137664320645,0.07798200955591017,-0.40162950357869176,0.9132619387962813,-0.06816430885141428
228.94081572586532,477.3092834011985,1064.3543655704582,-0.0987853882817587,0.030778217872281924,0.9946326700680148,0.9103841457103921,0.40637566824617305,0.07784294121264776,-0.40179864895390294,0.9131875588082016,-0.06816397976010306
228.98809080827195,477.2818158742636,1064.3658896088414,-0.09866366290321962,0.030816440980301524,0.9946435686153242,0.9103226815222428,0.4065399412788541,0.07770387153249789,-0.40196778120724186,0.9131131491279125,-0.06816362491119159
229.03536589067858,477.2543483473287,1064.3774136472246,-0.09854194284523991,0.03085468610300852,0.9946544494676381,0.9102611707049258,0.4067041957329796,0.07756480052245365,-0.4021369003302027,0.9130387097591619,-0.06816324430469614
229.0826409730852,477.2268808203938,1064.3889376856077,-0.09842022811395008,0.03089295323847808,0.9946653126244038,0.9101996132615375,0.4068684316002804,0.07742572818950814,-0.4023060063142803,0.9129642407056987,-0.06816283794063424
229.1299160554918,477.19941329345886,1064.4004617239907,-0.09829851871548034,0.030931242384784192,0.9946761580850705,0.9101380091951764,0.4070326488724884,0.07728665454065455,-0.4024750991509703,0.9128897419712739,-0.06816240581902479
229.17719113789843,477.17194576652395,1064.411985762374,-0.09817681465596065,0.030969553539999715,0.9946869858490872,0.910076358508944,0.40719684754133645,0.07714757958288616,-0.40264417883176873,0.9128152135596397,-0.06816194793988802
229.22446622030506,477.14447823958903,1064.423509800757,-0.0980551159415207,0.031007886702196532,0.9946977959159047,0.9100146612059433,0.40736102759855813,0.0770085033231963,-0.4028132453481725,0.9127406554745495,-0.06816146430324527
229.2717413027117,477.1170107126541,1064.4350338391403,-0.09793342257828991,0.031046241869445223,0.994708588284974,0.9099529172892806,0.40752518903588836,0.07686942576857836,-0.4029822986916791,0.9126660677197588,-0.06816095490911944
229.31901638511832,477.08954318571915,1064.4465578775232,-0.09781173457239743,0.031084619039815433,0.9947193629557477,0.9098911267620639,0.4076893318450626,0.0767303469260258,-0.40315133885378673,0.9125914502990239,-0.06816041975753451
229.36629146752492,477.06207565878424,1064.4580819159064,-0.09769005192997215,0.031123018211375652,0.9947301199276785,0.9098292896274034,0.40785345601781736,0.07659126680253214,-0.40332036582599423,0.9125168032161032,-0.0681598588485158
229.41356654993155,477.0346081318493,1064.4696059542896,-0.09756837465714263,0.03116143938219314,0.9947408592002206,0.9097674058884123,0.4080175615458903,0.076452185405091,-0.4034893795998011,0.9124421264747564,-0.06815927218209009
229.46084163233817,477.0071406049144,1064.4811299926728,-0.09744670276003728,0.031199882550334252,0.994751580772829,0.9097054755482057,0.40818164842101984,0.07631310274069603,-0.40365838016670735,0.9123674200787445,-0.06815865975828517
229.5081167147448,476.9796730779795,1064.4926540310557,-0.09732503624478415,0.03123834771386407,0.9947622846449593,0.909643498609901,0.4083457166349452,0.07617401881634092,-0.4038273675182141,0.9122926840318302,-0.06815802157713038
229.55539179715143,476.9522055510446,1064.504178069439,-0.09720337511751106,0.031276834870846704,0.9947729708160682,0.909581475076618,0.4085097661794067,0.07603493363901945,-0.4039963416458225,0.9122179183377775,-0.06815735763865616
229.60266687955806,476.9247380241097,1064.515702107822,-0.0970817193843455,0.03131534401934501,0.9947836392856133,0.9095194049514793,0.4086737970461457,0.07589584721572552,-0.40416530254103494,0.9121431230003522,-0.06815666794289443
229.64994196196466,476.89727049717476,1064.5272261462053,-0.09696006905141473,0.03135387515742086,0.9947942900530529,0.9094572882376091,0.4088378092269043,0.075756759553453,-0.40433425019535424,0.9120682980233213,-0.06815595248987827
229.69721704437129,476.86980297023985,1064.5387501845883,-0.09683842412484577,0.031392428283134904,0.9948049231178465,0.9093951249381345,0.4090018027134258,0.0756176706591959,-0.4045031846002838,0.9119934434104535,-0.06815521127964214
229.7444921267779,476.84233544330493,1064.5502742229714,-0.09671678461076531,0.03143100339454681,0.9948155384794544,0.9093329150561847,0.40916577749745403,0.07547858053994823,-0.40467210574732776,0.9119185591655188,-0.06815444431222172
229.79176720918454,476.81486791636996,1064.5617982613546,-0.09659515051529982,0.03146960048971509,0.9948261361373374,0.9092706585948913,0.40932973357073416,0.07533948920270407,-0.404841013627991,0.9118436452922888,-0.06815365158765398
229.79347162920942,476.78967681457624,1064.5963223869858,-0.09652184969946159,0.03136045268196691,0.9948366974223339,0.9091959389643399,0.40950221590989755,0.07530391580546052,-0.40502626717454615,0.9117699584722375,-0.06803870755817926
229.79517604923427,476.76448571278246,1064.6308465126172,-0.09644852651724561,0.03125131837577916,0.9948472429636762,0.909121182478926,0.40967468673146334,0.07526836400239173,-0.4052114969997413,0.9116962247104311,-0.06792375540247754
229.79688046925915,476.73929461098874,1064.6653706382483,-0.09637518097257317,0.031142197576988113,0.9948577727608001,0.9090463891426477,0.409847146026208,0.07523283379539883,-0.4053967030936707,0.9116224440108129,-0.06780879512669635
229.798584889284,476.714103509195,1064.6998947638797,-0.09630181306936662,0.03103309029142943,0.9948682868131422,0.9089715589595045,0.4100195937849087,0.075197325186382,-0.40558188544642976,0.9115486163773288,-0.06769382673698357
229.80028930930888,476.68891240740123,1064.7344188895108,-0.09622842281154961,0.030923996524938033,0.9948787851201407,0.9088966919334983,0.4101920299983432,0.07516183817724022,-0.4057670440481151,0.9114747418139264,-0.06757885023948756
229.80199372933373,476.6637213056075,1064.768943015142,-0.09615501020304697,0.03081491628334807,0.9948892676812341,0.9088217880686331,0.41036445465728977,0.0751263727698712,-0.4059521788888249,0.9114008203245569,-0.06746386564035713
229.8036981493586,476.63853020381373,1064.8034671407734,-0.09608157524778463,0.030705849572493032,0.9948997344958614,0.9087468473689144,0.41053686775252746,0.0750909289661717,-0.40613728995865817,0.9113268519131734,-0.06734887294574143
229.80540256938346,476.61333910202,1064.8379912664045,-0.09600811794968986,0.03059679639820564,0.9949101855634633,0.9086718698383501,0.41070926927483575,0.07505550676803709,-0.40632237724771564,0.9112528365837316,-0.06723387216179016
229.80710698940834,476.5881480002263,1064.872515392036,-0.09593463831269104,0.03048775676631788,0.9949206208834809,0.9085968554809498,0.41088165921499503,0.07502010617736173,-0.4065074407460989,0.9111787743401897,-0.06711886329465339
229.80881140943322,476.5629568984325,1064.907039517667,-0.09586113634071772,0.03037873068266109,0.9949310404553556,0.9085218043007252,0.41105403756378595,0.07498472719603883,-0.4066924804439112,0.9111046651865086,-0.06700384635048162
229.81051582945807,476.5377657966388,1064.9415636432984,-0.09578761203770073,0.030269718153065776,0.9949414442785307,0.9084467163016899,0.4112264043119901,0.07494936982596036,-0.40687749633125686,0.9110305091266514,-0.06688882133542583
229.81222024948295,476.51257469484506,1064.9760877689296,-0.09571406540757199,0.030160719183361828,0.9949518323524498,0.9083715914878595,0.4113987594503894,0.07491403406901724,-0.4070624883982413,0.9109563061645838,-0.06677378825563733
229.8139246695078,476.4873835930513,1065.0106118945607,-0.0956404964542647,0.030051733779378337,0.994962204676557,0.9082964298632517,0.4115711029697666,0.07487871992709914,-0.4072474566349716,0.9108820563042742,-0.06665874711726799
229.81562908953268,476.46219249125755,1065.045136020192,-0.09556690518171324,0.029942761946943685,0.994972561250298,0.9082212314318857,0.41174343486090514,0.07484342740209464,-0.40743240103155576,0.9108077595496934,-0.06654369792647001
229.81733350955753,476.43700138946383,1065.0796601458233,-0.09549329159385318,0.029833803691885496,0.9949829020731186,0.9081459961977835,0.4119157551145888,0.07480815649589104,-0.40761732157810343,0.9107334159048147,-0.0664286406893961
229.8190379295824,476.41181028767005,1065.1141842714546,-0.0954196556946212,0.029724859020030792,0.994993227144466,0.9080707241649679,0.4120880637216021,0.0747729072103747,-0.4078022182647251,0.9106590253736138,-0.06631357541219933
229.82074234960726,476.3866191858763,1065.1487083970858,-0.09534599748795533,0.02961592793720571,0.995003536463788,0.9079954153374652,0.41226036067273036,0.07473767954743067,-0.40798709108153286,0.9105845879600688,-0.06619850210103322
229.82244676963214,476.36142808408255,1065.183232522717,-0.09527231697779466,0.029507010449235743,0.9950138300305333,0.9079200697193022,0.4124326459587593,0.07470247350894281,-0.40817194001864004,0.9105101036681611,-0.06608342076205176
229.82415118965702,476.3362369822888,1065.2177566483483,-0.09519861416807954,0.02939810656194567,0.9950241078441514,0.9078446873145083,0.4126049195704753,0.07466728909679397,-0.40835676506616103,0.9104355725018735,-0.06596833140140931
229.82585560968187,476.3110458804951,1065.2522807739795,-0.09512488906275146,0.02928921628115951,0.9950343699040927,0.9077692681271151,0.4127771814986655,0.07463212631286573,-0.40854156621421167,0.9103609944651918,-0.0658532340252607
229.82756002970675,476.2858547787013,1065.2868048996108,-0.09505114166575318,0.029180339612700525,0.995044616209808,0.9076938121611557,0.4129494317341176,0.07459698515903852,-0.40872634345290915,0.9102863695621047,-0.0657381286397612
229.8292644497316,476.2606636769076,1065.321329025242,-0.09497737198102858,0.029071476562391344,0.99505484676075,0.9076183194206657,0.41312167026761976,0.0745618656371917,-0.40891109677237175,0.9102116977966028,-0.06562301525106645
229.83096886975648,476.2354725751139,1065.3558531508734,-0.09490358001252275,0.028962627136053784,0.995065061556371,0.9075427899096818,0.413293897089961,0.07452676774920336,-0.40909582616271917,0.9101369791726795,-0.06550789386533255
229.83267328978133,476.2102814733201,1065.3903772765045,-0.094829765764182,0.028853791339508963,0.9950752605961252,0.9074672236322439,0.4134661121919309,0.07449169149695052,-0.40928053161407235,0.9100622136943306,-0.06539276448871606
229.8343777098062,476.18509037152637,1065.4249014021357,-0.0947559292399538,0.028744969178577256,0.9950854438794667,0.9073916205923925,0.41363831556431957,0.074456636882309,-0.4094652131165535,0.9099874013655546,-0.06527762712737392
229.83608212983108,476.1598992697326,1065.459425527767,-0.09468207044378686,0.028636160659078327,0.9950956114058512,0.9073159807941711,0.4138105071979178,0.07442160390715344,-0.409649870660286,0.9099125421903522,-0.06516248178746352
229.83778654985593,476.13470816793887,1065.4939496533982,-0.09460818937963102,0.028527365786831092,0.9951057631747352,0.9072403042416249,0.4139826870835171,0.07438659257335739,-0.4098345042353948,0.9098376361727267,-0.06504732847514266
229.8394909698808,476.10951706614514,1065.5284737790296,-0.09453428605143727,0.028418584567653796,0.9951158991855753,0.9071645909388008,0.4141548552119094,0.07435160288279322,-0.4100191138320058,0.9097626833166841,-0.06493216719656958
229.84119538990566,476.08432596435136,1065.5629979046607,-0.09446036046315796,0.02830981700736384,0.9951260194378296,0.9070888408897478,0.41432701157388757,0.07431663483733209,-0.4102036994402465,0.9096876836262328,-0.06481699795790295
229.84289980993054,476.05913486255764,1065.5975220302919,-0.09438641261874653,0.028201063111777988,0.9951361239309571,0.9070130540985171,0.41449915616024485,0.07428168843884402,-0.4103882610502454,0.9096126371053836,-0.06470182076530188
229.8446042299554,476.0339437607639,1065.6320461559233,-0.09431244252215752,0.028092322886712245,0.9951462126644173,0.9069372305691615,0.41467128896177513,0.07424676368919797,-0.41057279865213236,0.90953754375815,-0.06458663562492585
229.84630864998027,476.00875265897014,1065.6665702815544,-0.09423845017734675,0.027983596337981923,0.9951562856376704,0.906861370305736,0.4148434099692731,0.07421186059026166,-0.4107573122360387,0.9094624035885477,-0.06447144254293481
229.84801307000512,475.9835615571764,1065.7010944071858,-0.09416443558827134,0.027874883471401487,0.9951663428501779,0.9067854733122974,0.4150155191735338,0.07417697914390156,-0.41094180179209683,0.9093872166005952,-0.06435624152548913
229.84971749003,475.9583704553827,1065.735618532817,-0.09409039875888937,0.027766184292784813,0.9951763843014022,0.9067095395929048,0.4151876165653533,0.0741421193519832,-0.41112626731044055,0.9093119827983134,-0.06424103257874961
229.85142191005488,475.9331793535889,1065.7701426584483,-0.09401633969316026,0.027657498807944984,0.995186409990806,0.9066335691516189,0.4153597021355278,0.07410728121637078,-0.4113107087812048,0.9092367021857256,-0.06412581570887743
229.85312633007973,475.9079882517952,1065.8046667840795,-0.0939422583950446,0.027548827022694296,0.9951964199178532,0.9065575619925024,0.41553177587485474,0.0740724647389274,-0.41149512619452594,0.9091613747668579,-0.06401059092203425
229.8548307501046,475.8827971500014,1065.8391909097106,-0.09386815486850418,0.02744016894284439,0.9952064140820086,0.9064815181196202,0.41570383777413156,0.07403766992151496,-0.4116795195405417,0.9090860005457385,-0.06389535822438214
229.85653517012946,475.8576060482077,1065.873715035342,-0.0937940291175019,0.02733152457420615,0.9952163924827376,0.9064054375370388,0.4158758878241568,0.07400289676599428,-0.4118638888093909,0.9090105795263984,-0.06378011762208355
229.85823959015434,475.83241494641396,1065.9082391609732,-0.09371988114600192,0.027222893922589735,0.9952263551195067,0.9063293202488273,0.4160479260157294,0.07396814527422499,-0.4120482339912137,0.9089351117128711,-0.06366486912130143
229.8599440101792,475.8072238446202,1065.9427632866045,-0.09364571095796959,0.027114276993804528,0.9952363019917829,0.9062531662590559,0.416219952339649,0.0739334154480655,-0.41223255507615164,0.9088595971091924,-0.06354961272819906
229.86164843020407,475.78203274282646,1065.9772874122357,-0.09357151855737139,0.027005673793659254,0.9952462330990345,0.9061769755717974,0.41639196678671586,0.07389870728937319,-0.4124168520543474,0.9087840357194007,-0.06343434844894022
229.86335285022892,475.75684164103274,1066.0118115378668,-0.09349730394817506,0.026897084327961816,0.9952561484407302,0.9061007481911265,0.4165639693477309,0.07386402080000411,-0.41260112491594514,0.9087084275475369,-0.06331907628968908
229.8650572702538,475.73165053923896,1066.0463356634982,-0.09342306713434945,0.026788508602519467,0.99526604801634,0.9060244841211196,0.4167359600134957,0.07382935598181334,-0.41278537365109014,0.9086327725976445,-0.06320379625661023
229.86676169027868,475.70645943744523,1066.0808597891294,-0.09334880811986468,0.026679946623138644,0.9952759318253341,0.905948183365855,0.4169079387748124,0.07379471283665462,-0.41296959824992907,0.9085570708737695,-0.06308850835586868
229.86846611030353,475.6812683356515,1066.1153839147607,-0.09327452690869201,0.02657139839562512,0.9952857998671841,0.9058718459294136,0.41707990562248387,0.07376009136638068,-0.4131537987026098,0.90848132237996,-0.06297321259362987
229.8701705303284,475.65607723385773,1066.149908040392,-0.09320022350480389,0.026462863925783894,0.9952956521413625,0.9057954718158774,0.4172518605473135,0.07372549157284299,-0.4133379749992816,0.9084055271202672,-0.06285790897605965
229.87187495035326,475.630886132064,1066.1844321660233,-0.09312589791217395,0.026354343219419245,0.995305488647342,0.905719061029331,0.4174238035401054,0.07369091345789194,-0.41352212713009495,0.9083296850987446,-0.0627425975093243
229.87357937037814,475.6056950302702,1066.2189562916544,-0.09305155013477703,0.02624583628233467,0.9953153093845968,0.9056426135738607,0.41759573459166427,0.07365635702337664,-0.41370625508520176,0.9082537963194479,-0.06262727819959052
229.875283790403,475.5805039284765,1066.2534804172856,-0.0929771801765892,0.026137343120332994,0.9953251143526017,0.9055661294535547,0.4177676536927956,0.07362182227114518,-0.41389035885475495,0.9081778607864356,-0.06251195105302543
229.87698821042787,475.5553128266828,1066.288004542917,-0.09290278804158754,0.02602886373921632,0.9953349035508325,0.9054896086725035,0.4179395608343053,0.07358730920304446,-0.414074438428909,0.9081018785037686,-0.06239661607579653
229.87869263045272,475.530121724889,1066.322528668548,-0.09282837373375055,0.025920398144785917,0.9953446769787654,0.9054130512347992,0.418111456007,0.07355281782092012,-0.41425849379781965,0.9080258494755103,-0.06228127327407182
229.8803970504776,475.5049306230953,1066.3570527941795,-0.09275393725705773,0.025811946342842382,0.9953544346358777,0.9053364571445358,0.418283339201687,0.07351834812661674,-0.41444252495164374,0.9079497737057268,-0.062165922654019636
229.88210147050248,475.47973952130155,1066.3915769198106,-0.09267947861548985,0.025703508339185586,0.9953641765216479,0.9052598264058097,0.4184552104091742,0.07348390012197777,-0.4146265318805396,0.9078736511984864,-0.062050564221808775
229.88380589052733,475.4545484195078,1066.4261010454418,-0.0926049978130289,0.025595084139614612,0.9953739026355547,0.905183159022719,0.41862706962027035,0.0734494738088453,-0.4148105145746669,0.90779748195786,-0.06193519798360847
229.8855103105522,475.42935731771405,1066.4606251710732,-0.09253049485365798,0.02548667374992786,0.9953836129770782,0.9051064549993636,0.41879891682578446,0.07341506918906053,-0.41499447302418635,0.9077212659879211,-0.06181982394558831
229.88721473057706,475.4041662159203,1066.4951492967043,-0.09245596974136139,0.025378277175922948,0.995393307545699,0.9050297143398456,0.41897075201652645,0.07338068626446331,-0.4151784072192602,0.9076450032927456,-0.06170444211391835
229.88891915060194,475.37897511412655,1066.5296734223357,-0.09238142248012464,0.025269894423396794,0.9954029863408984,0.9049529370482691,0.41914257518330683,0.07334632503689242,-0.4153623171500519,0.9075686938764118,-0.061589052494769064
229.8906235706268,475.3537840123328,1066.5641975479668,-0.09230685307393444,0.025161525498145532,0.9954126493621592,0.9048761231287399,0.41931438631693674,0.07331198550818543,-0.41554620280672616,0.9074923377430009,-0.061473655094311304
229.89232799065167,475.32859291053904,1066.598721673598,-0.0922322615267786,0.02505317040596458,0.9954222966089645,0.9047992725853659,0.4194861854082279,0.07327766768017874,-0.4157300641794491,0.907415934896596,-0.061358249918716384
229.89403241067654,475.3034018087453,1066.6332457992294,-0.0921576478426462,0.024944829152648666,0.9954319280807985,0.9047223854222568,0.4196579724479928,0.07324337155470771,-0.41591390125838795,0.9073394853412832,-0.06124283697415597
229.8957368307014,475.2782107069516,1066.6677699248605,-0.09208301202552749,0.02483650174399166,0.9954415437771458,0.9046454616435249,0.4198297474270445,0.07320909713360636,-0.41609771403371154,0.907262989081151,-0.06112741626680224
229.89744125072627,475.2530196051578,1066.702294050492,-0.09200835407941389,0.0247281881857868,0.9954511436974922,0.9045685012532836,0.42000151033619665,0.0731748444187077,-0.4162815024955897,0.9071864461202901,-0.06101198780282769
229.89914567075112,475.2278285033641,1066.736818176123,-0.09193367400829798,0.024619888483826513,0.9954607278413247,0.9044915042556486,0.4201732611662637,0.07314061341184346,-0.4164652666341937,0.907109856462794,-0.06089655158840529
229.900850090776,475.20263740157037,1066.7713423017544,-0.09185897181617354,0.02451160264390257,0.9954702962081303,0.9044144706547378,0.42034499990806057,0.07310640411484433,-0.41664900643969605,0.9070332201127586,-0.0607811076297084
