x,y,z,R1,R2,R3,R4,R5,R6,R7,R8,R9
1406.965243358941,343.5171241499252,1444.0527021425694,-0.8089733662550217,-0.3364607935286026,-0.48203342945082317,-0.5878384312523397,0.4669838932655919,0.6605846063702199,0.0028410267170066016,0.8177531276911226,-0.5755621171677127
1407.049490491504,343.2355996526559,1443.9400460517827,-0.8090413608163565,-0.3364326888284539,-0.4819389197565135,-0.5877444853329482,0.4671610665860338,0.6605429265588326,0.0029148669139697106,0.8176634905349855,-0.5756890825758447
1407.1337376240667,342.95407515538653,1443.827389960996,-0.8091093468555962,-0.3364045608277081,-0.48184441086851665,-0.5876505190745065,0.4673382214959423,0.6605012143520047,0.00298868907279859,0.8175738243017121,-0.5758160379446716
1407.2179847566297,342.6725506581172,1443.7147338702093,-0.8091773243698216,-0.33637640952757425,-0.4817499027908927,-0.5875565324810507,0.46751535798770766,0.660459469751528,0.0030624931903230103,0.8174841289951527,-0.5759429832687397
1407.3022318891924,342.39102616084784,1443.6020777794224,-0.809245293356114,-0.33634823492926275,-0.48165539552770187,-0.5874625255566174,0.46769247605372116,0.6604176927591963,0.0031362792633734663,0.8173944046191589,-0.5760699185425958
1407.3864790217553,342.1095016635785,1443.4894216886357,-0.8093132538115548,-0.33632003703398466,-0.4815608890830041,-0.5873684983052443,0.4678695756863745,0.660375883376804,0.0032100472887812985,0.8173046511775836,-0.5761968437607868
1407.4707261543183,341.82797716630915,1443.376765597849,-0.8093812057332262,-0.3362918158429522,-0.4814663834608592,-0.5872744507309696,0.4680466568780605,0.6603340416061474,0.0032837972633785904,0.8172148686742804,-0.5763237589178601
1407.554973286881,341.5464526690398,1443.2641095070624,-0.8094491491182105,-0.33626357135737855,-0.4813718786653272,-0.5871803828378327,0.4682237196211726,0.660292167449024,0.003357529183998215,0.817125057113105,-0.576450664008364
1407.639220419444,341.2649281717704,1443.1514534162757,-0.8095170839635901,-0.33623530357847803,-0.48127737470046816,-0.5870862946298738,0.46840076390810487,0.6602502609072326,0.003431243047473791,0.8170352164979138,-0.5765775590268464
1407.7234675520067,340.98340367450106,1443.038797325489,-0.8095850102664482,-0.3362070125074657,-0.4811828715703418,-0.5869921861111341,0.4685777897312526,0.6602083219825737,0.0035049388506397457,0.8169453468325646,-0.5767044439678563
1407.8077146845696,340.7018791772317,1442.926141234702,-0.8096529280238682,-0.33617869814555784,-0.4810883692790079,-0.5868980572856554,0.4687547970830115,0.660166350676849,0.003578616590331292,0.8168554481209164,-0.576831318825943
1407.8919618171326,340.4203546799624,1442.8134851439154,-0.8097208372329339,-0.3361503604939716,-0.48099386783052633,-0.5868039081574804,0.4689317859557782,0.6601243469918616,0.0036522762633843576,0.8167655203668294,-0.576958183595656
1407.9762089496953,340.138830182693,1442.7008290531287,-0.8097887378907294,-0.3361219995539252,-0.4808993672289568,-0.5867097387306528,0.4691087563419502,0.6600823109294157,0.003725917866635696,0.8166755635741652,-0.5770850382715454
1408.0604560822583,339.8573056854237,1442.588172962342,-0.809856629994339,-0.3360936153266379,-0.48080486747835915,-0.5866155490092173,0.46928570823392574,0.6600402424913175,0.0037995413969228236,0.8165855777467864,-0.5772118828481619
1408.144703214821,339.57578118815434,1442.4755168715553,-0.8099245135408479,-0.3360652078133298,-0.4807103685827929,-0.5865213389972193,0.4694626416241038,0.6599981416793743,0.0038731468510840757,0.8164955628885574,-0.5773387173200565
1408.228950347384,339.294256690885,1442.3628607807686,-0.8099923885273411,-0.3360367770152222,-0.48061587054631777,-0.5864271086987048,0.46963955650488415,0.6599560084953945,0.003946734225958454,0.816405519003343,-0.5774655416817802
1408.313197479947,339.01273219361565,1442.2502046899817,-0.8100602549509045,-0.3360083229335372,-0.4805213733729934,-0.5863328581177214,0.4698164528686674,0.6599138429411884,0.004020303518385838,0.81631544609501,-0.5775923559278853
1408.3974446125096,338.7312076963463,1442.137548599195,-0.8101281128086237,-0.3359798455694981,-0.48042687706687937,-0.5862385872583166,0.469993330707855,0.6598716450185671,0.00409385472520687,0.8162253441674262,-0.5777191600529238
1408.4816917450726,338.44968319907696,1442.0248925084084,-0.8101959620975852,-0.33595134492432904,-0.4803323816320351,-0.5861442961245399,0.47017019001484917,0.659829414729344,0.004167387843262947,0.8161352132244605,-0.5778459540514483
1408.5659388776353,338.1681587018076,1441.9122364176217,-0.8102638028148759,-0.33592282099925524,-0.48023788707252024,-0.5860499847204406,0.4703470307820528,0.6597871520753328,0.00424090286939622,0.816045053269983,-0.5779727379180122
1408.6501860101982,337.88663420453827,1441.799580326835,-0.8103316349575825,-0.3358942737955029,-0.48014339339239415,-0.5859556530500694,0.4705238530018698,0.6597448570583492,0.004314399800449631,0.8159548643078653,-0.5780995116471689
1408.7344331427612,337.6051097072689,1441.6869242360483,-0.8103994585227927,-0.3358657033142993,-0.48004890059571625,-0.5858613011174781,0.4707006566667047,0.6597025296802104,0.0043878786332669836,0.8158646463419802,-0.5782262752334725
1408.818680275324,337.3235852099996,1441.5742681452614,-0.8104672735075942,-0.3358371095568724,-0.47995440868654593,-0.5857669289267187,0.47087744176896285,0.6596601699427346,0.004461339364692691,0.8157743993762017,-0.5783530286714773
1408.9029274078869,337.04206071273023,1441.4616120544747,-0.8105350799090754,-0.3358084925244517,-0.4798599176689426,-0.5856725364818449,0.4710542083010505,0.6596177778477418,0.004534781991572144,0.815684123414405,-0.5784797719557383
1408.9871745404496,336.7605362154609,1441.348955963688,-0.8106028777243247,-0.3357798522182673,-0.4797654275469655,-0.5855781237869103,0.47123095625537453,0.6595753533970529,0.0046082065107513,0.8155938184604664,-0.5786065050808107
1409.0714216730125,336.4790117181915,1441.2362998729013,-0.8106706669504308,-0.3357511886395502,-0.479670938324674,-0.5854836908459703,0.4714076856243429,0.6595328965924907,0.0046816129190770574,0.8155034845182638,-0.5787332280412504
1409.1556688055755,336.19748722092214,1441.1236437821146,-0.8107384475844833,-0.33572250178953295,-0.47957645000612714,-0.5853892376630806,0.471584396400364,0.6594904074358791,0.0047550012133970344,0.8154131215916762,-0.5788599408316134
1409.2399159381382,335.9159627236528,1441.010987691328,-0.8108062196235718,-0.33569379166944846,-0.4794819625953842,-0.585294764242298,0.47176108857584725,0.6594478859290434,0.00482837139055964,0.8153227296845839,-0.5789866434464566
1409.3241630707012,335.63443822638345,1440.8983316005413,-0.8108739830647863,-0.33566505828053106,-0.4793874760965045,-0.5852002705876799,0.4719377621432029,0.6594053320738101,0.004901723447413998,0.8152323088008679,-0.5791133358803366
1409.4084102032639,335.3529137291141,1440.7856755097544,-0.8109417379052172,-0.33563630162401586,-0.47929299051354685,-0.585105756703285,0.47211441709484187,0.6593627458720079,0.004975057380810145,0.8151418589444114,-0.5792400181278113
1409.4926573358268,335.07138923184476,1440.6730194189677,-0.8110094841419553,-0.33560752170113917,-0.47919850585057056,-0.5850112225931726,0.4722910534231759,0.6593201273254657,0.005048373187598713,0.8150513801190981,-0.5793666901834386
1409.5769044683898,334.7898647345754,1440.560363328181,-0.8110772217720916,-0.3355787185131382,-0.4791040221116345,-0.5849166682614028,0.47246767112061766,0.6592774764360149,0.005121670864631283,0.8149608723288132,-0.5794933520417765
1409.6611516009525,334.5083402373061,1440.4477072373943,-0.8111449507927178,-0.335549892061251,-0.4790095393007978,-0.5848220937120366,0.47264427017958033,0.6592347932054873,0.005194950408760114,0.8148703355774432,-0.5796200036973843
1409.7453987335155,334.2268157400367,1440.3350511466076,-0.8112126712009256,-0.33552104234671704,-0.47891505742211943,-0.5847274989491363,0.47282085059247836,0.6591920776357171,0.0052682118168382985,0.8147797698688758,-0.5797466451448209
1409.8296458660782,333.9452912427674,1440.222395055821,-0.8112803829938072,-0.33549216937077614,-0.47882057647965814,-0.5846328839767644,0.47299741235172643,0.6591493297285389,0.005341455085719643,0.8146891752069998,-0.5798732763786462
1409.9138929986411,333.66376674549804,1440.109738965034,-0.8113480861684554,-0.3354632731346697,-0.47872609647747294,-0.5845382487989845,0.4731739554497405,0.6591065494857895,0.005414680212258828,0.8145985515957055,-0.5799998973934202
1409.998140131204,333.3822422482287,1439.9970828742473,-0.8114157807219633,-0.33543435363964,-0.4786316174196226,-0.5844435934198615,0.4733504798789372,0.6590637369093065,0.0054878871933112085,0.8145078990388842,-0.5801265081837034
1410.0823872637668,333.10071775095935,1439.8844267834606,-0.811483466651424,-0.33540541088693004,-0.47853713931016595,-0.5843489178434605,0.47352698563173373,0.6590208920009294,0.005561076025732972,0.8144172175404286,-0.5802531087440569
1410.1666343963298,332.81919325369,1439.771770692674,-0.8115511439539312,-0.3353764448777842,-0.4784426621531617,-0.584254222073848,0.4737034727005483,0.6589780147624985,0.005634246706381106,0.8143265071042327,-0.5803796990690422
1410.2508815288927,332.53766875642066,1439.6591146018873,-0.8116188126265793,-0.3353474556134474,-0.47834818595266854,-0.5841595061150909,0.47387994107779996,0.6589351051958561,0.005707399232113349,0.8142357677341914,-0.5805062791532211
1410.3351286614554,332.25614425915126,1439.5464585111006,-0.8116864726664624,-0.3353184430951661,-0.4782537107127452,-0.5840647699712574,0.47405639075590844,0.6588921633028454,0.0057805335997881905,0.8141449994342012,-0.5806328489911557
1410.4193757940184,331.9746197618819,1439.4338024203137,-0.8117541240706757,-0.3352894073241875,-0.47815923643745034,-0.5839700136464165,0.4742328217272945,0.6588491890853114,0.005853649806265009,0.8140542022081598,-0.5807594085774093
1410.503622926581,331.69309526461257,1439.321146329527,-0.8118217668363142,-0.33526034830175955,-0.4780647631308424,-0.5838752371446377,0.47440923398437934,0.6588061825451001,0.0059267478484038,0.813963376059966,-0.5808859579065446
1410.587870059144,331.4115707673432,1439.2084902387403,-0.8118894009604734,-0.33523126602913156,-0.4779702907969801,-0.5837804404699916,0.4745856275195851,0.658763143684059,0.005999827723065491,0.8138725209935199,-0.5810124969731255
1410.672117191707,331.1300462700739,1439.0958341479536,-0.8119570264402494,-0.33520216050755375,-0.4778758194399218,-0.58368562362655,0.474762002325335,0.6587200725040374,0.0060728894271117155,0.813781637012723,-0.581139025771716
1410.7563643242697,330.84852177280453,1438.983178057167,-0.8120246432727385,-0.3351730317382773,-0.47778134906372605,-0.5835907866183848,0.4749383583940527,0.6586769690068852,0.0061459329574048175,0.8136907241214775,-0.5812655442968806
1410.8406114568327,330.5669972755352,1438.8705219663802,-0.8120922514550372,-0.33514387972255427,-0.4776868796724511,-0.5834959294495695,0.4751146957181629,0.6586338331944546,0.006218958310808115,0.8135997823236877,-0.5813920525431843
1410.9248585893954,330.28547277826584,1438.7578658755933,-0.812159850984243,-0.335114704461638,-0.4775924112701556,-0.5834010521241783,0.47529101429009085,0.6585906650685982,0.006291965484185502,0.8135088116232583,-0.5815185505051924
1411.0091057219583,330.0039482809965,1438.6452097848066,-0.8122274418574531,-0.3350855059567826,-0.4774979438608978,-0.5833061546462858,0.47546731410226295,0.658547464631171,0.006364954474401803,0.8134178120240958,-0.5816450381774709
1411.0933528545213,329.72242378372715,1438.53255369402,-0.8122950240717651,-0.33505628420924316,-0.4774034774487358,-0.5832112370199681,0.4756435951471062,0.6585042318840286,0.006437925278322553,0.8133267835301078,-0.5817715155545861
1411.177599987084,329.4408992864578,1438.4198976032333,-0.8123625976242775,-0.33502703922027605,-0.47730901203772796,-0.5831162992493016,0.47581985741704835,0.6584609668290284,0.006510877892814086,0.8132357261452031,-0.5818979826311046
1411.261847119647,329.15937478918846,1438.3072415124466,-0.812430162512089,-0.33499777099113837,-0.47721454763193266,-0.5830213413383641,0.475996100904518,0.6584176694680289,0.006583812314743442,0.8131446398732916,-0.5820244394015935
1411.3460942522097,328.8778502919191,1438.19458542166,-0.8124977187322979,-0.33496847952308817,-0.47712008423540775,-0.5829263632912339,0.4761723256019447,0.6583743398028905,0.006656728540978595,0.8130535247182846,-0.5821508858606208
1411.4303413847726,328.5963257946498,1438.0819293308732,-0.812565266282004,-0.3349391648173847,-0.4770256218522116,-0.5828313651119903,0.47634853150175865,0.6583309778354743,0.006729626568388182,0.8129623806840949,-0.5822773220027542
1411.5145885173356,328.3148012973804,1437.9692732400863,-0.8126328051583068,-0.33490982687528814,-0.4769311604864021,-0.5827363468047134,0.476524718596391,0.6582875835676435,0.00680250639384164,0.8128712077746358,-0.5824037478225622
1411.5988356498983,328.0332768001111,1437.8566171492996,-0.8127003353583064,-0.3348804656980597,-0.4768367001420374,-0.5826413083734843,0.4767008868782735,0.6582441570012619,0.006875368014209249,0.8127800059938227,-0.5825301633146139
1411.6830827824613,327.75175230284174,1437.743961058513,-0.8127678568791032,-0.3348510812869614,-0.47674224082317546,-0.5825462498223847,0.47687703633983886,0.6582006981381954,0.006948211426361957,0.8126887753455717,-0.5826565684734788
1411.767329915024,327.47022780557234,1437.6313049677262,-0.812835369717798,-0.33482167364325655,-0.4766477825338742,-0.5824511711554975,0.4770531669735206,0.658157206980311,0.007021036627171639,0.8125975158338002,-0.5827829632937264
1411.851577047587,327.188703308303,1437.5186488769396,-0.8129028738714921,-0.3347922427682093,-0.47655332527819144,-0.582356072376906,0.4772292787717529,0.6581136835294769,0.0070938436135107984,0.8125062274624271,-0.5829093477699272
1411.93582418015,326.90717881103365,1437.4059927861529,-0.8129703693372868,-0.3347627886630847,-0.4764588690601853,-0.5822609534906951,0.47740537172697106,0.6580701277875629,0.007166632382252866,0.8124149102353722,-0.5830357218966519
1412.0200713127126,326.6256543137643,1437.293336695366,-0.8130378561122841,-0.33473331132914896,-0.4763644138839133,-0.5821658145009497,0.4775814458316108,0.6580265397564403,0.007239402930271936,0.8123235641565567,-0.5831620856684716
1412.1043184452756,326.34412981649496,1437.1806806045793,-0.8131053341935863,-0.3347038107676693,-0.47626995975343334,-0.5820706554117563,0.477757501078109,0.6579829194379817,0.0073121552544429995,0.8122321892299033,-0.583288439079958
1412.1885655778383,326.0626053192256,1437.0680245137926,-0.813172803578296,-0.3346742869799137,-0.47617550667280306,-0.5819754762272017,0.4779335374589029,0.6579392668340607,0.007384889351641664,0.8121407854593353,-0.583414782125683
1412.2728127104012,325.78108082195627,1436.955368423006,-0.8132402642635164,-0.3346447399671515,-0.47608105464608025,-0.5818802769513739,0.4781095549664312,0.6578955819465528,0.007457605218744515,0.8120493528487779,-0.5835411148002192
1412.3570598429642,325.4995563246869,1436.8427123322192,-0.8133077162463507,-0.3346151697306528,-0.47598660367732243,-0.5817850575883619,0.4782855535931329,0.6578518647773349,0.007530302852628805,0.8119578914021571,-0.5836674370981396
1412.441306975527,325.2180318274176,1436.7300562414325,-0.8133751595239026,-0.33458557627168867,-0.4758921537705872,-0.5816898181422548,0.47846153333144786,0.657808115328285,0.007602982250172588,0.8118664011234005,-0.5837937490140175
1412.5255541080899,324.93650733014823,1436.6174001506456,-0.8134425940932766,-0.3345559595915313,-0.47579770492993206,-0.5815945586171438,0.47863749417381707,0.6577643336012824,0.007675643408254717,0.8117748820164365,-0.5839200505424268
1412.6098012406526,324.6549828328789,1436.504744059859,-0.8135100199515771,-0.33452631969145374,-0.4757032571594147,-0.5814992790171195,0.47881343611268185,0.6577205195982081,0.007748286323754756,0.811683334085195,-0.5840463416779417
1412.6940483732155,324.37345833560954,1436.3920879690722,-0.8135774370959088,-0.33449665657273037,-0.47560881046309234,-0.5814039793462749,0.4789893591404848,0.6576766733209445,0.007820910993553204,0.8115917573336073,-0.584172622415137
1412.7782955057785,324.0919338383402,1436.2794318782855,-0.8136448455233771,-0.3344669702366359,-0.4755143648450224,-0.5813086596087024,0.4791652632496691,0.6576327947713749,0.007893517414531181,0.8115001517656056,-0.5842988927485878
1412.8625426383412,323.81040934107085,1436.1667757874989,-0.813712245231088,-0.33443726068444696,-0.47541992030926244,-0.5812133198084962,0.4793411484326787,0.6575888839513845,0.007966105583570703,0.8114085173851235,-0.5844251526728699
1412.9467897709042,323.5288848438015,1436.0541196967122,-0.8137796362161469,-0.33440752791744033,-0.4753254768598696,-0.5811179599497515,0.4795170146819585,0.6575449408628598,0.008038675497554533,0.811316854196096,-0.5845514021825592
1413.0310369034669,323.2473603465321,1435.9414636059253,-0.8138470184756604,-0.3343777719368943,-0.47523103450090104,-0.5810225800365634,0.4796928619899541,0.6575009655076884,0.008111227153366192,0.8112251622024588,-0.5846776412722323
1413.1152840360298,322.96583584926276,1435.8288075151386,-0.8139143920067357,-0.33434799274408783,-0.4751365932364141,-0.5809271800730285,0.47986869034911195,0.6574569578877596,0.008183760547890013,0.8111334414081495,-0.584803869936466
1413.1995311685928,322.6843113519934,1435.716151424352,-0.8139817568064793,-0.3343181903403012,-0.475042153070466,-0.5808317600632444,0.48004449975187935,0.6574129180049639,0.008256275678011118,0.8110416918171065,-0.584930088169838
1413.2837783011555,322.40278685472407,1435.6034953335652,-0.8140491128719992,-0.33428836472681545,-0.4749477140071137,-0.5807363200113094,0.48022029019070445,0.6573688458611936,0.008328772540615393,0.8109499134332696,-0.585056295966926
1413.3680254337185,322.1212623574547,1435.4908392427785,-0.8141164602004032,-0.3342585159049127,-0.47485327605041444,-0.5806408599213225,0.4803960616580361,0.6573247414583416,0.008401251132589566,0.81085810626058,-0.5851824933223083
1413.4522725662812,321.8397378601854,1435.3781831519918,-0.8141837987887993,-0.33422864387587614,-0.47475883920442513,-0.5805453797973836,0.480571814146324,0.657280604798303,0.008473711450821035,0.8107662703029797,-0.5853086802305637
1413.5365196988441,321.55821336291604,1435.265527061205,-0.8142511286342964,-0.3341987486409896,-0.47466440347320277,-0.5804498796435936,0.4807475476480186,0.6572364358829734,0.008546153492198045,0.8106744055644122,-0.5854348566862713
1413.620766831407,321.2766888656467,1435.1528709704182,-0.8143184497340035,-0.3341688302015386,-0.47456996886080427,-0.5803543594640543,0.4809232621555714,0.6571922347142507,0.008618577253609733,0.8105825120488223,-0.5855610226840108
1413.7050139639698,320.99516436837735,1435.0402148796315,-0.8143857620850302,-0.3341388885588089,-0.47447553537128645,-0.580258819262868,0.48109895766143457,0.6571480012940337,0.008690982731945813,0.810490589760156,-0.5856871782183625
1413.7892610965328,320.713639871108,1434.9275587888449,-0.8144530656844858,-0.3341089237140878,-0.47438110300870634,-0.5801632590441385,0.48127463415806093,0.6571037356242228,0.008763369924096934,0.8103986387023603,-0.5858133232839066
1413.8735082290955,320.43211537383866,1434.8149026980582,-0.8145203605294808,-0.3340789356686633,-0.47428667177712047,-0.5800676788119697,0.48145029163790454,0.6570594377067194,0.008835738826954508,0.8103066588793839,-0.5859394578752244
1413.9577553616584,320.1505908765693,1434.7022466072715,-0.8145876466171258,-0.3340489244238244,-0.47419224168058577,-0.579972078570467,0.4816259300934197,0.6570151075434267,0.008908089437410702,0.8102146502951763,-0.5860655819868972
1414.0420024942214,319.86906637929997,1434.5895905164848,-0.8146549239445314,-0.33401888998086143,-0.4740978127231589,-0.5798764583237362,0.481801549517062,0.6569707451362491,0.008980421752358438,0.8101226129536884,-0.5861916956135069
1414.126249626784,319.5875418820306,1434.476934425698,-0.8147221925088091,-0.3339888323410653,-0.47400338490889626,-0.5797808180758842,0.48197714990128776,0.6569263504870924,0.009052735768691492,0.8100305468588723,-0.5863177987496361
1414.210496759347,319.3060173847613,1434.3642783349112,-0.8147894523070704,-0.333958751505728,-0.4739089582418548,-0.5796851578310188,0.4821527312385539,0.6568819235978637,0.009125031483304392,0.8099384520146814,-0.5864438913898672
1414.2947438919098,319.02449288749193,1434.2516222441245,-0.8148567033364275,-0.3339286474761428,-0.4738145327260907,-0.5795894775932485,0.4823282935213185,0.6568374644704719,0.009197308893092521,0.8098463284250705,-0.5865699735287838
1414.3789910244727,318.7429683902226,1434.1389661533378,-0.8149239455939926,-0.3338985202536037,-0.47372010836566075,-0.5794937773666827,0.48250383674204,0.6567929731068265,0.009269567994951879,0.8097541760939952,-0.5866960451609694
1414.4632381570357,318.4614438929532,1434.0263100625511,-0.8149911790768788,-0.33386836983940577,-0.47362568516462117,-0.5793980571554318,0.48267936089317803,0.6567484495088391,0.009341808785779409,0.8096619950254126,-0.5868221062810082
1414.5474852895984,318.17991939568384,1433.9136539717645,-0.8150584037821991,-0.33383819623484506,-0.4735312631270285,-0.5793023169636068,0.48285486596719307,0.6567038936784226,0.009414031262472809,0.809569785223281,-0.5869481568834849
1414.6317324221613,317.8983948984145,1433.8009978809775,-0.815125619707067,-0.3338079994412187,-0.473436842256939,-0.5792065567953196,0.4830303519565461,0.656659305617491,0.009486235421930538,0.8094775466915601,-0.5870741969629844
1414.715979554724,317.61687040114515,1433.6883417901909,-0.8151928268485965,-0.3337777794598246,-0.4733424225584089,-0.5791107766546836,0.48320581885369923,0.6566146853279596,0.009558421261051817,0.8093852794342106,-0.5872002265140924
1414.800226687287,317.3353459038758,1433.5756856994042,-0.8152600252039017,-0.3337475362919619,-0.47324800403549455,-0.5790149765458118,0.48338126665111514,0.6565700328117455,0.00963058877673671,0.8092929834551943,-0.5873262455313947
1414.88447381985,317.05382140660646,1433.4630296086175,-0.8153272147700975,-0.33371726993893064,-0.47315358669225205,-0.5789191564728194,0.4835566953412575,0.6565253480707669,0.009702737965886048,0.8092006587584748,-0.5874522540094779
1414.9687209524127,316.7722969093371,1433.3503735178308,-0.8153943955442989,-0.3336869804020319,-0.4730591705327376,-0.5788233164398215,0.4837321049165908,0.6564806311069434,0.009774868825401408,0.8091083053480163,-0.5875782519429286
1415.0529680849756,316.49077241206777,1433.2377174270441,-0.8154615675236214,-0.3336566676825676,-0.4729647555610072,-0.5787274564509344,0.4839074953695802,0.6564358819221963,0.009846981352185232,0.8090159232277845,-0.5877042393263343
1415.1372152175384,316.2092479147984,1433.1250613362572,-0.8155287307051806,-0.3336263317818409,-0.47287034178111687,-0.5786315765102753,0.48408286669269196,0.6563911005184477,0.009919075543140716,0.8089235124017466,-0.5878302161542828
1415.2214623501013,315.9277234175291,1433.0124052454705,-0.8155958850860929,-0.33359597270115576,-0.4727759291971228,-0.5785356766219623,0.4842582188783927,0.6563462868976215,0.009991151395171767,0.8088310728738707,-0.5879561824213623
1415.3057094826643,315.64619892025974,1432.8997491546838,-0.8156630306634746,-0.33356559044181733,-0.4726815178130806,-0.5784397567901141,0.4844335519191505,0.6563014410616431,0.010063208905183236,0.808738604648126,-0.5880821381221614
1415.389956615227,315.3646744229904,1432.7870930638971,-0.815730167434443,-0.33353518500513146,-0.47258710763304645,-0.5783438170188505,0.4846088658074336,0.6562565630124388,0.010135248070080592,0.8086461077284832,-0.5882080832512694
1415.47420374779,315.08314992572105,1432.6744369731105,-0.8157972953961152,-0.3335047563924053,-0.472492698661076,-0.5782478573122921,0.48478416053571155,0.6562116527519368,0.010207268886770262,0.8085535821189145,-0.5883340178032757
1415.5584508803527,314.8016254284517,1432.5617808823238,-0.8158644145456089,-0.33347430460494665,-0.4723982909012251,-0.5781518776745602,0.4849594360964544,0.6561667102820664,0.010279271352159274,0.8084610278233926,-0.5884599417727705
1415.6426980129156,314.52010093118236,1432.449124791537,-0.8159315248800422,-0.3334438296440648,-0.4723038843575494,-0.5780558781097774,0.4851346924821334,0.6561217356047582,0.010351255463155613,0.8083684448458921,-0.5885858551543441
1415.7269451454786,314.23857643391295,1432.3364687007502,-0.8159986263965335,-0.33341333151106967,-0.47220947903410454,-0.5779598586220666,0.4853099296852202,0.6560767287219442,0.010423221216667982,0.8082758331903884,-0.5887117579425878
1415.8111922780413,313.9570519366436,1432.2238126099635,-0.8160657190922018,-0.3333828102072721,-0.47211507493494625,-0.5778638192155516,0.48548514769818746,0.6560316896355582,0.010495168609605787,0.8081831928608584,-0.5888376501320925
1415.8811158013864,313.67653729254295,1432.1237709303562,-0.8161510772748757,-0.333356020487912,-0.4719864221219959,-0.5777423697304459,0.4856649763342615,0.6560055525530939,0.010543874112898617,0.8080861924118642,-0.5889698908704817
1415.9510393247317,313.3960226484422,1432.0237292507488,-0.8162364203148331,-0.3333291990472424,-0.4718577658724622,-0.5776208998339748,0.4858447853213416,0.6559793751720009,0.010592555244920577,0.8079891643076555,-0.5891021202939264
1416.0209628480768,313.11550800434156,1431.9236875711415,-0.8163217482077386,-0.3333023458866257,-0.47172910619288067,-0.5774994095323083,0.4860245746502941,0.6559531574936095,0.01064121200319888,0.8078921085531614,-0.5892343383957098
1416.0908863714221,312.83499336024084,1431.8236458915344,-0.8164070609492576,-0.33327546100742594,-0.47160044308978677,-0.5773778988316182,0.4862043443119859,0.6559268995192511,0.01068984438526176,0.8077950251533119,-0.5893665451691156
1416.1608098947672,312.5544787161402,1431.723604211927,-0.8164923585350566,-0.333248544411009,-0.4714717765697165,-0.5772563677380768,0.4863840942972852,0.6559006012502596,0.010738452388638884,0.8076979141130388,-0.5894987406074277
1416.2307334181125,312.27396407203946,1431.6235625323197,-0.8165776409608029,-0.33322159609874186,-0.4713431066392057,-0.5771348162578576,0.486563824597061,0.655874262687971,0.010787036010860987,0.8076007754372748,-0.589630924703931
1416.3006569414576,311.9934494279388,1431.5235208527124,-0.8166629082221637,-0.33319461607199374,-0.47121443330479057,-0.5770132443971351,0.4867435352021834,0.6558478838337232,0.010835595249460192,0.8075036091309548,-0.5897630974519109
1416.370580464803,311.7129347838381,1431.423479173105,-0.8167481603148081,-0.33316760433213505,-0.47108575657300744,-0.5768916521620852,0.4869232261035236,0.6558214646888562,0.010884130101969787,0.8074064151990142,-0.5898952588446532
1416.440503988148,311.4324201397374,1431.3234374934977,-0.8168333972344054,-0.33314056088053795,-0.47095707645039286,-0.5767700395588842,0.48710289729195366,0.655795005254712,0.010932640565924294,0.8073091936463906,-0.5900274088754446
1416.5104275114934,311.15190549563675,1431.2233958138904,-0.8169186189766257,-0.33311348571857613,-0.47082839294348333,-0.5766484065937098,0.4872825487583466,0.6557685055326347,0.010981126638859506,0.8072119444780224,-0.5901595475375719
1416.5803510348385,310.87139085153603,1431.1233541342833,-0.8170038255371397,-0.333086378847625,-0.4706997060588159,-0.5765267532727408,0.48746218049357654,0.6557419655239705,0.011029588318312399,0.8071146676988497,-0.5902916748243229
1416.6502745581838,310.5908762074354,1431.023312454676,-0.8170890169116195,-0.33305924026906153,-0.47057101580292754,-0.5764050796021568,0.48764179248851863,0.6557153852300673,0.011078025601821218,0.8070173633138139,-0.5904237907289858
1416.720198081529,310.31036156333465,1430.9232707750687,-0.8171741930957374,-0.3330320699842643,-0.4704423221823553,-0.5762833855881389,0.48782138473404896,0.6556887646522759,0.011126438486925547,0.806920031327858,-0.5905558952448493
1416.7901216048742,310.029846919234,1430.8232290954613,-0.8172593540851665,-0.33300486799461343,-0.4703136252036366,-0.5761616712368683,0.4880009572210446,0.6556621037919479,0.011174826971165985,0.8068226717459261,-0.5906879883652029
1416.8600451282193,309.74933227513327,1430.723187415854,-0.8173444998755811,-0.3329776343014909,-0.4701849248733091,-0.5760399365545283,0.4881805099403837,0.6556354026504381,0.011223191052084617,0.806725284572964,-0.5908200700833365
1416.9299686515646,309.4688176310326,1430.6231457362467,-0.8174296304626556,-0.33295036890628,-0.47005622119791035,-0.5759181815473026,0.4883600428829453,0.6556086612291026,0.011271530727224604,0.8066278698139188,-0.5909521403925407
1416.9998921749097,309.1883029869319,1430.5231040566393,-0.8175147458420658,-0.33292307181036573,-0.4699275141839782,-0.5757964062213761,0.48853955603960963,0.6555818795292997,0.011319845994130377,0.8065304274737386,-0.5910841992861066
1417.069815698255,308.9077883428312,1430.4230623770322,-0.8175998460094881,-0.3328957430151347,-0.46979880383805067,-0.5756746105829347,0.48871904940125765,0.6555550575523902,0.011368136850347656,0.8064329575573737,-0.5912162467573258
1417.1397392216002,308.6272736987305,1430.323020697425,-0.8176849309605992,-0.33286838252197526,-0.46967009016666617,-0.5755527946381654,0.4888985229587717,0.6555281952997364,0.011416403293423383,0.8063354600697751,-0.5913482827994906
1417.2096627449455,308.34675905462984,1430.2229790178176,-0.8177700006910775,-0.3328409903322772,-0.46954137317636285,-0.575430958393256,0.4890779767030347,0.6555012927727027,0.011464645320905676,0.8062379350158954,-0.591480307405894
1417.2795862682906,308.0662444105292,1430.1229373382102,-0.8178550551966013,-0.33281356644743204,-0.46941265287367934,-0.5753091018543959,0.489257410624931,0.6554743499726562,0.011512862930343985,0.8061403824006889,-0.5916123205698293
1417.349509791636,307.78572976642846,1430.022895658603,-0.8179400944728501,-0.3327861108688327,-0.46928392926515444,-0.5751872250277746,0.4894368247153455,0.655447366900965,0.011561056119288938,0.8060428022291108,-0.5917443222845905
1417.419433314981,307.5052151223278,1429.9228539789956,-0.8180251185155041,-0.332758623597874,-0.4691552023573269,-0.5750653279195838,0.4896162189651646,0.655420343559,0.01160922488529244,0.8059451945061181,-0.5918763125434723
1417.4893568383263,307.2247004782271,1429.8228122993883,-0.8181101273202441,-0.33273110463595224,-0.46902647215673576,-0.5749434105360152,0.48979559336527534,0.6553932799481338,0.011657369225907625,0.8058475592366693,-0.5920082913397698
1417.5592803616714,306.9441858341264,1429.7227706197812,-0.8181951208827523,-0.3327035539844652,-0.46889773866992024,-0.574821472883262,0.48997494790656587,0.6553661760697413,0.011705489138688857,0.8057498964257236,-0.5921402586667789
1417.6292038850168,306.6636711900257,1429.6227289401738,-0.8182800991987106,-0.3326759716448126,-0.46876900190341986,-0.5746995149675185,0.4901542825799255,0.6553390319251995,0.011753584621191776,0.8056522060782424,-0.5922722145177958
1417.6991274083618,306.38315654592503,1429.5226872605665,-0.8183650622638028,-0.33264835761839545,-0.46864026186377405,-0.5745775367949797,0.4903335973762442,0.655311847515887,0.011801655670973204,0.805554488199188,-0.5924041588861174
1417.769050931707,306.1026419018243,1429.4226455809592,-0.8184500100737125,-0.3326207119066164,-0.46851151855752254,-0.5744555383718419,0.4905128922864134,0.6552846228431846,0.011849702285591238,0.8054567427935242,-0.5925360917650413
1417.8389744550523,305.82212725772365,1429.3226039013518,-0.8185349426241251,-0.33259303451087985,-0.46838277199120515,-0.5743335197043026,0.49069216730132514,0.6552573579084755,0.011897724462605208,0.8053589698662165,-0.5926680131478657
1417.9088979783974,305.541612613623,1429.2225622217445,-0.8186198599107258,-0.3325653254325919,-0.4682540221713621,-0.5742114807985597,0.4908714224118728,0.6552300527131447,0.011945722199575775,0.8052611694222312,-0.5927999230278891
1417.9788215017427,305.26109796952227,1429.1225205421372,-0.8187047619292009,-0.3325375846731599,-0.46812526910453334,-0.5740894216608126,0.4910506576089504,0.655202707258579,0.01199369549406462,0.8051633414665367,-0.5929318213984109
1418.0487450250878,304.9805833254216,1429.02247886253,-0.8187896486752378,-0.33250981223399306,-0.4679965127972595,-0.5739673422972618,0.4912298728834534,0.6551753215461678,0.012041644343634915,0.8050654860041022,-0.5930637082527308
1418.118668548433,304.7000686813209,1428.9224371829227,-0.8188745201445246,-0.33248200811650225,-0.467867753256081,-0.5738452427141085,0.49140906822627783,0.655147895577302,0.012089568745850904,0.8049676030398987,-0.5931955835841495
1418.1885920717782,304.4195540372202,1428.8223955033154,-0.8189593763327496,-0.3324541723220998,-0.4677389904875384,-0.5737231229175551,0.4915882436283211,0.6551204293533748,0.012137468698278111,0.8048696925788983,-0.5933274473859675
1418.2585155951235,304.1390393931195,1428.722353823708,-0.8190442172356027,-0.33242630485219965,-0.4676102244981729,-0.5736009829138053,0.49176739908048156,0.6550929228757816,0.012185344198483397,0.8047717546260748,-0.593459299651487
1418.3284391184686,303.85852474901884,1428.6223121441008,-0.8191290428487739,-0.3323984057082176,-0.46748145529452534,-0.5734788227090634,0.49194653457365844,0.6550653761459195,0.0122331952440348,0.8046737891864031,-0.59359114037401
1418.398362641814,303.5780101049181,1428.5222704644934,-0.8192138531679541,-0.3323704748915706,-0.4673526828831369,-0.5733566423095345,0.4921256500987519,0.6550377891651881,0.012281021832501477,0.8045757962648596,-0.593722969546839
1418.468286165159,303.29749546081746,1428.422228784886,-0.8192986481888354,-0.3323425124036777,-0.46722390727054897,-0.5732344417214257,0.49230474564666343,0.6550101619349882,0.012328823961454032,0.8044777758664223,-0.5938547871632778
1418.5382096885044,303.0169808167168,1428.322187105279,-0.8193834279071105,-0.33231451824595926,-0.4670951284633031,-0.573112220950944,0.49248382120829537,0.6549824944567239,0.012376601628464243,0.8043797279960704,-0.59398659321663
1418.6081332118495,302.7364661726161,1428.2221454256717,-0.8194681923184723,-0.33228649241983726,-0.4669663464679409,-0.5729899800042983,0.492662876774551,0.6549547867318,0.012424354831105013,0.8042816526587844,-0.5941183877002003
1418.6780567351948,302.4559515285154,1428.1221037460643,-0.8195529414186155,-0.3322584349267354,-0.4668375612910042,-0.572867718887698,0.4928419123363346,0.6549270387616242,0.01247208356695063,0.8041835498595462,-0.5942501706072938
1418.7479802585399,302.1754368844147,1428.022062066457,-0.8196376752032347,-0.33223034576807897,-0.4667087729390352,-0.5727454376073539,0.49302092788455176,0.6548992505476063,0.012519787833576618,0.8040854196033395,-0.5943819419312162
1418.8179037818852,301.89492224031403,1427.9220203868497,-0.8197223936680257,-0.33220222494529483,-0.4665799814185758,-0.5726231361694774,0.4931999234101088,0.6548714220911577,0.012567467628559675,0.803987261895149,-0.5945137016652738
1418.8878273052303,301.6144075962133,1427.8219787072424,-0.8198070968086849,-0.33217407245981134,-0.46645118673616853,-0.5725008145802811,0.49337889890391307,0.6548435533936919,0.01261512294947773,0.8038890767399608,-0.5946454498027737
1418.9577508285756,301.33389295211265,1427.7219370276352,-0.8198917846209097,-0.3321458883130587,-0.4663223888983558,-0.5723784728459788,0.49355785435687305,0.6548156444566247,0.012662753793910048,0.8037908641427626,-0.594777186337023
1419.0276743519207,301.05337830801193,1427.621895348028,-0.8199764571003981,-0.3321176725064687,-0.46619358791168025,-0.5722561109727854,0.4937367897598982,0.6547876952813739,0.012710360159437122,0.8036926241085434,-0.59490891126133
1419.097597875266,300.77286366391127,1427.5218536684206,-0.8200611142428488,-0.3320894250414744,-0.4660647837826848,-0.5721337289669162,0.493915705103899,0.6547597058693589,0.012757942043640523,0.8035943566422934,-0.5950406245690034
1419.1675213986111,300.4923490198106,1427.4218119888133,-0.8201457560439616,-0.33206114591951086,-0.4659359765179122,-0.5720113268345881,0.4940946003797869,0.6547316762220021,0.012805499444103315,0.8034960617490047,-0.5951723262533524
1419.2374449219565,300.2118343757099,1427.321770309206,-0.8202303824994366,-0.33203283514201454,-0.46580716612390577,-0.5718889045820191,0.4942734755784745,0.6547036063407269,0.012853032358409627,0.80339773943367,-0.5953040163076867
1419.3073684453016,299.9313197316092,1427.2217286295986,-0.8203149936049754,-0.33200449271042365,-0.46567835260720863,-0.5717664622154277,0.49445233069087524,0.6546754962269593,0.012900540784144938,0.8032993897012843,-0.5954356947253169
1419.377291968647,299.6508050875085,1427.1216869499913,-0.8203995893562797,-0.33197611862617793,-0.46554953597436444,-0.5716439997410336,0.49463116570790366,0.6546473458821273,0.012948024718895895,0.8032010125568434,-0.595567361499554
1419.447215491992,299.37029044340784,1427.0216452703842,-0.820484169749052,-0.33194771289071856,-0.4654207162319167,-0.5715215171650582,0.4948099806204754,0.6546191553076606,0.012995484160250379,0.8031026080053446,-0.5956990166237096
1419.517139015337,299.0897757993071,1426.9216035907768,-0.8205687347789961,-0.33191927550548866,-0.4652918933864092,-0.5713990144937227,0.49498877541950703,0.6545909245049916,0.013042919105797612,0.8030041760517865,-0.5958306600910959
1419.5870625386824,298.80926115520646,1426.8215619111695,-0.8206532844418162,-0.3318908064719327,-0.4651630674443857,-0.5712764917332502,0.4951675500959161,0.654562653475554,0.013090329553127989,0.8029057167011697,-0.5959622918950256
1419.6569860620275,298.52874651110574,1426.7215202315622,-0.8207378187332173,-0.3318623057914969,-0.46503423841239044,-0.5711539488898648,0.49534630464062135,0.6545343422207842,0.013137715499833141,0.8028072299584952,-0.5960939120288122
1419.7269095853728,298.2482318670051,1426.6214785519549,-0.8208223376489054,-0.33183377346562887,-0.46490540629696764,-0.5710313859697911,0.49552503904454237,0.6545059907421202,0.013185076943505984,0.8027087158287661,-0.5962255204857698
1419.796833108718,297.96771722290435,1426.5214368723475,-0.8209068411845869,-0.3318052094957782,-0.46477657110466175,-0.5709088029792553,0.4957037532985998,0.6544775990410022,0.013232413881740608,0.8026101743169868,-0.5963571172592128
1419.8667566320632,297.6872025788037,1426.4213951927402,-0.8209913293359693,-0.3317766138833958,-0.46464773284201705,-0.570786199924484,0.49588244739371545,0.6544491671188726,0.013279726312132499,0.8025116054281629,-0.5964887023424563
1419.9366801554083,297.40668793470303,1426.321353513133,-0.8210758020987609,-0.33174798662993427,-0.4645188915155786,-0.5706635768117055,0.49606112132081204,0.6544206949771755,0.013327014232278214,0.8024130091673015,-0.5966202757288164
1420.0066036787537,297.1261732906023,1426.2213118335258,-0.8211602594686704,-0.3317193277368477,-0.464390047131891,-0.5705409336471488,0.49623977507081324,0.6543921826173572,0.013374277639775648,0.8023143855394111,-0.5967518374116091
1420.0765272020988,296.84565864650165,1426.1212701539184,-0.8212447014414078,-0.33169063720559205,-0.4642611996974994,-0.5704182704370436,0.49641840863464387,0.6543636300408662,0.013421516532223931,0.8022157345495015,-0.5968833873841514
1420.146450725444,296.5651440024009,1426.021228474311,-0.8213291280126837,-0.3316619150376247,-0.46413234921894886,-0.5702955871876211,0.49659702200322975,0.6543350372491528,0.013468730907223423,0.8021170562025841,-0.5970149256397611
1420.2163742487892,296.28462935830026,1425.9211867947038,-0.8214135391782093,-0.3316331612344047,-0.4640034957027848,-0.5701728839051134,0.49677561516749774,0.6543064042436695,0.013515920762375773,0.8020183505036713,-0.5971464521717561
1420.2862977721345,296.00411471419955,1425.8211451150964,-0.8214979349336964,-0.3316043757973926,-0.4638746391555526,-0.5700501605957535,0.49695418811837555,0.6542777310258708,0.013563086095283752,0.8019196174577774,-0.5972779669734553
