x,y,z,R1,R2,R3,R4,R5,R6,R7,R8,R9
2275.344600267176,376.10813550296604,999.2608695131624,0.004892746953450432,-0.3025957309529981,0.9531064393006008,-0.07391660413407605,0.9504010229698104,0.3021162543975815,-0.9972524237426228,-0.0719285697547129,-0.017716777147822396
2275.3488480903525,376.05964557168465,999.3951457355945,0.00496982522839887,-0.30255625092113836,0.9531185738751207,-0.07390783138353306,0.9504124071102068,0.3020825861766376,-0.9972526928002662,-0.07194422450431652,-0.017637892818873777
2275.353095913529,376.0111556404033,999.5294219580264,0.005046903837276929,-0.3025167692367697,0.9531307009493525,-0.07389906136579326,0.9504237899890379,0.3020489168199882,-0.9972529556190404,-0.07195987599642188,-0.01755900782127458
2275.357343736706,375.96266570912195,999.6636981804585,0.005123982779488964,-0.302477285900197,0.9531428205232024,-0.07389029408092422,0.9504351716062156,0.30201524632789345,-0.9972532121989429,-0.07197552423090824,-0.017480122155634433
2275.3615915598825,375.91417577784057,999.7979744028905,0.0052010620544393395,-0.30243780091172556,0.9531549325965768,-0.07388152952899342,0.9504465519616524,0.3019815747006136,-0.9972534625399714,-0.07199116920765491,-0.01740123582256299
2275.3658393830588,375.8656858465592,999.9322506253226,0.005278141661532429,-0.30239831427166064,0.9531670371693822,-0.07387276771006834,0.9504579310552611,0.3019479019384089,-0.9972537066421236,-0.07200681092654125,-0.017322348822669913
2275.3700872062354,375.8171959152778,1000.0665268477545,0.005355221600172568,-0.3023588259803073,0.9531791342415249,-0.07386400862421645,0.9504693088869535,0.3019142280415396,-0.9972539445053975,-0.07202244938744663,-0.017243461156564846
2275.374335029412,375.7687059839964,1000.2008030701866,0.005432301869764123,-0.3023193360379708,0.9531912238129114,-0.0738552522715052,0.9504806854566422,0.30188055301026595,-0.9972541761297908,-0.07203808459025042,-0.017164572824857456
2275.378582852589,375.72021605271505,1000.3350792926186,0.005509382469711443,-0.3022798444449565,0.9532033058834485,-0.07384649865200199,0.9504920607642395,0.3018468768448482,-0.9972544015153014,-0.07205371653483206,-0.017085683828157415
2275.3828306757655,375.6717261214337,1000.4693555150507,0.005586463399418877,-0.3022403512015694,0.9532153804530424,-0.07383774776577424,0.950503434809658,0.30181319954554653,-0.9972546206619274,-0.07206934522107097,-0.017006794167074395
2275.387078498942,375.62323619015234,1000.6036317374826,0.0056635446582907695,-0.3022008563081149,0.9532274475216003,-0.07382899961288933,0.9505148075928103,0.3017795211126213,-0.9972548335696665,-0.07208497064884663,-0.016927903842218067
2275.391326322119,375.57474625887096,1000.7379079599147,0.005740626245731465,-0.30216135976489816,0.9532395070890286,-0.07382025419341459,0.9505261791136081,0.3017458415463327,-0.9972550402385171,-0.07210059281803853,-0.016849012854198125
2275.3955741452955,375.5262563275896,1000.8721841823467,0.00581770816114531,-0.3021218615722246,0.9532515591552341,-0.0738115115074174,0.9505375493719646,0.30171216084694114,-0.9972552406684769,-0.07211621172852616,-0.016770121203624252
2275.399821968472,375.4777663963082,1001.0064604047786,0.005894790403936634,-0.3020823617303994,0.9532636037201239,-0.07380277155496504,0.9505489183677917,0.3016784790147069,-0.9972554348595445,-0.0721318273801891,-0.016691228891106143
2275.4040697916485,375.4292764650268,1001.1407366272107,0.005971872973509777,-0.3020428602397278,0.9532756407836048,-0.0737940343361248,0.9505602861010021,0.3016447960498902,-0.9972556228117176,-0.0721474397729069,-0.016612335917253494
2275.408317614825,375.3807865337455,1001.2750128496427,0.006048955869269073,-0.3020033571005151,0.9532876703455835,-0.07378529985096399,0.9505716525715082,0.30161111195275137,-0.9972558045249948,-0.07216304890655914,-0.01653344228267601
2275.412565438002,375.3322966024641,1001.4092890720748,0.006126039090618846,-0.3019638523130669,0.9532996924059673,-0.07377656809954981,0.9505830177792226,0.30157742672355076,-0.9972559799993743,-0.07217865478102548,-0.0164545479879834
2275.4168132611785,375.28380667118273,1001.5435652945067,0.006203122636963449,-0.3019243458776882,0.9533117069646636,-0.07376783908194957,0.9505943817240576,0.30154374036254883,-0.9972561492348544,-0.07219425739618547,-0.01637565303378538
2275.421061084355,375.23531673990135,1001.6778415169388,0.006280206507707172,-0.3018848377946845,0.9533237140215789,-0.07375911279823037,0.9506057444059258,0.30151005287000565,-0.9972563122314334,-0.07220985675191889,-0.01629675742069167
2275.425308907532,375.18682680861997,1001.8121177393708,0.006357290702254363,-0.30184532806436115,0.9533357135766208,-0.07375038924845947,0.9506171058247396,0.3014763642461818,-0.9972564689891099,-0.07222545284810537,-0.01621786114931199
2275.4295567307086,375.1383368773386,1001.9463939618029,0.006434375220009335,-0.30180581668702355,0.9533477056296964,-0.07374166843270405,0.9506284659804116,0.3014426744913375,-0.9972566195078822,-0.07224104568462465,-0.016138964220256076
2275.4338045538852,375.08984694605726,1002.0806701842348,0.006511460060376413,-0.301766303662977,0.9533596901807132,-0.07373295035103124,0.9506398248728544,0.30140898360573326,-0.997256763787749,-0.07225663526135644,-0.016060066634133653
2275.438052377062,375.0413570147759,1002.2149464066669,0.006588545222759905,-0.30172678899252703,0.9533716672295786,-0.07372423500350812,0.9506511825019803,0.30137529158962933,-0.9972569018287089,-0.07227222157818054,-0.015981168391554466
2275.442300200238,374.9928670834945,1002.3492226290989,0.0066656307065641315,-0.3016872726759789,0.9533836367761997,-0.07371552239020188,0.9506625388677019,0.3013415984432862,-0.9972570336307602,-0.07228780463497672,-0.01590226949312826
2275.446548023415,374.9443771522131,1002.483498851531,0.006742716511193392,-0.30164775471363814,0.9533955988204844,-0.0737068125111795,0.9506738939699318,0.30130790416696407,-0.9972571591939019,-0.07230338443162483,-0.015823369939464788
2275.4507958465915,374.89588722093174,1002.6177750739629,0.006819802636052005,-0.30160823510581014,0.9534075533623401,-0.0736981053665081,0.9506852478085828,0.3012742087609236,-0.9972572785181325,-0.0723189609680047,-0.015744469731173796
2275.455043669768,374.84739728965036,1002.7520512963949,0.0068968890805442854,-0.30156871385280043,0.9534195004016742,-0.0736894009562548,0.9506966003835672,0.30124051222542503,-0.9972573916034511,-0.07233453424399613,-0.015665568868865047
2275.459291492945,374.79890735836904,1002.886327518827,0.006973975844074509,-0.3015291909549143,0.9534314399383947,-0.07368069928048646,0.9507079516947975,0.3012068145607288,-0.997257498449856,-0.07235010425947916,-0.015586667353148313
2275.4635393161216,374.75041742708765,1003.0206037412589,0.007051062926047001,-0.30148966641245745,0.953443371972409,-0.07367200033927016,0.9507193017421864,0.30117311576709543,-0.9972575990573466,-0.0723656710143336,-0.015507765184633357
2275.4677871392983,374.7019274958063,1003.154879963691,0.00712815032586605,-0.30145014022573513,0.9534552965036253,-0.07366330413267287,0.9507306505256464,0.30113941584478526,-0.9972576934259214,-0.07238123450843942,-0.015428862363929955
2275.472034962475,374.6534375645249,1003.289156186123,0.007205238042935954,-0.30141061239505307,0.9534672135319511,-0.07365461066076157,0.9507419980450904,0.3011057147940588,-0.9972577815555796,-0.0723967947416766,-0.015349958891647888
2275.476282785651,374.6049476332435,1003.4234324085551,0.007282326076660999,-0.30137108292071657,0.9534791230572945,-0.07364591992360311,0.9507533443004307,0.30107201261517635,-0.9972578634463201,-0.07241235171392514,-0.015271054768396942
2275.480530608828,374.55645770196213,1003.557708630987,0.007359414426445494,-0.3013315518030313,0.9534910250795633,-0.07363723192126455,0.9507646892915801,0.30103830930839864,-0.997257939098142,-0.07242790542506501,-0.015192149994786904
2275.4847784320045,374.5079677706808,1003.6919848534191,0.007436503091693711,-0.3012920190423028,0.9535029195986656,-0.07362854665381265,0.9507760330184513,0.3010046048739859,-0.9972580085110444,-0.07244345587497633,-0.015113244571427573
2275.489026255181,374.4594778393994,1003.8262610758511,0.007513592071809946,-0.3012524846388366,0.9535148066145096,-0.07361986412131433,0.9507873754809566,0.3009708993121988,-0.9972580716850264,-0.07245900306353913,-0.015034338498928747
2275.493274078358,374.41098790811805,1003.9605372982832,0.0075906813661984806,-0.3012129485929381,0.9535266861270032,-0.07361118432383645,0.950798716679009,0.3009371926232977,-0.9972581286200874,-0.07247454699063349,-0.01495543177790023
2275.4975219015346,374.36249797683666,1004.0948135207151,0.007667770974263587,-0.3011734109049132,0.9535385581360546,-0.07360250726144581,0.950810056612521,0.3009034848075431,-0.9972581793162264,-0.0724900876561396,-0.014876524408951838
2275.5017697247113,374.3140080455553,1004.2290897431471,0.0077448608954095634,-0.3011338715750672,0.9535504226415725,-0.07359383293420928,0.9508213952814054,0.3008697758651956,-0.9972582237734429,-0.07250562505993749,-0.014797616392693377
2275.506017547888,374.2655181142739,1004.3633659655792,0.007821951129040671,-0.3010943306037058,0.9535622796434645,-0.07358516134219358,0.9508327326855748,0.3008360657965156,-0.9972582619917361,-0.07252115920190742,-0.014718707729734675
2275.5102653710646,374.2170281829926,1004.4976421880112,0.007899041674561185,-0.30105478799113466,0.9535741291416394,-0.0735764924854655,0.9508440688249421,0.30080235460176374,-0.9972582939711053,-0.07253669008192958,-0.014639798420685555
2275.514513194241,374.1685382517112,1004.6319184104432,0.007976132531375383,-0.30101524373765937,0.9535859711360057,-0.07356782636409179,0.9508554036994196,0.30076864228120054,-0.9972583197115503,-0.07255221769988417,-0.014560888466155848
2275.5187610174175,374.1200483204298,1004.7661946328752,0.008053223698887528,-0.3009756978435856,0.9535978056264716,-0.07355916297813914,0.9508667373089201,0.30073492883508646,-0.9972583392130702,-0.07256774205565146,-0.014481977866755388
2275.5230088405942,374.07155838914844,1004.9004708553073,0.008130315176501896,-0.30093615030921894,0.9536096326129458,-0.07355050232767431,0.9508780696533568,0.30070121426368207,-0.9972583524756647,-0.07258326314911168,-0.014403066623094013
2275.527256663771,374.02306845786705,1005.0347470777392,0.008207406963622741,-0.3008966011348651,0.9536214520953369,-0.07354184441276396,0.9508894007326418,0.30066749856724795,-0.9972583594993335,-0.07259878098014518,-0.014324154735781573
2275.5315044869476,373.9745785265857,1005.1690233001713,0.008284499059654336,-0.3008570503208297,0.9536332640735536,-0.07353318923347475,0.9509007305466883,0.30063378174604466,-0.9972583602840763,-0.07261429554863222,-0.014245242205427914
2275.5357523101243,373.92608859530435,1005.3032995226033,0.008361591464000928,-0.3008174978674185,0.9536450685475043,-0.07352453678987328,0.9509120590954089,0.30060006380033283,-0.9972583548298924,-0.07262980685445321,-0.014166329032642897
2275.540000133301,373.87759866402297,1005.4375757450354,0.008438684176066786,-0.3007779437749373,0.9536568655170983,-0.07351588708202624,0.9509233863787163,0.30056634473037297,-0.9972583431367817,-0.07264531489748847,-0.014087415218036374
2275.5442479564776,373.8291087327416,1005.5718519674673,0.008515777195256155,-0.3007383880436915,0.953668654982244,-0.07350724011000014,0.9509347123965234,0.3005326245364257,-0.9972583252047442,-0.07266081967761846,-0.014008500762218221
2275.5484957796543,373.7806188014602,1005.7061281898993,0.008592870520973296,-0.3006988306739872,0.9536804369428505,-0.07349859587386165,0.9509460371487428,0.30049890321875167,-0.9972583010337795,-0.07267632119472354,-0.013929585665798296
2275.5527436028306,373.7321288701788,1005.8404044123314,0.008669964152622452,-0.3006592716661299,0.9536922113988264,-0.07348995437367722,0.9509573606352876,0.3004651807776114,-0.9972582706238875,-0.07269181944868422,-0.013850669929386484
2275.5569914260072,373.68363893889745,1005.9746806347634,0.008747058089607875,-0.3006197110204254,0.9537039783500814,-0.07348131560951349,0.9509686828560702,0.3004314572132656,-0.9972582339750682,-0.07270731443938092,-0.013771753553592659
2275.561239249184,373.6351490076161,1006.1089568571954,0.008824152331333813,-0.3005801487371796,0.9537157377965241,-0.07347267958143691,0.9509800038110036,0.3003977325259748,-0.9972581910873216,-0.07272280616669416,-0.013692836539026707
2275.5654870723606,373.58665907633474,1006.2432330796274,0.008901246877204498,-0.300540584816698,0.9537274897380633,-0.07346404628951396,0.9509913235000007,0.3003640067159997,-0.9972581419606475,-0.07273829463050448,-0.013613918886298522
2275.5697348955373,373.53816914505336,1006.3775093020595,0.008978341726624185,-0.3005010192592867,0.9537392341746088,-0.07345541573381117,0.9510026419229743,0.30033027978360105,-0.9972580865950462,-0.0727537798306924,-0.013535000596017992
2275.573982718714,373.489679213772,1006.5117855244914,0.009055436878997104,-0.3004614520652513,0.9537509711060697,-0.07344678791439495,0.9510139590798372,0.30029655172903924,-0.9972580249905177,-0.07276926176713851,-0.013456081668795021
2275.5782305418907,373.4411892824906,1006.6460617469235,0.00913253233372749,-0.3004218832348976,0.9537627005323549,-0.07343816283133171,0.9510252749705023,0.3002628225525752,-0.9972579571470623,-0.07278474043972341,-0.013377162105239516
2275.5824783650673,373.3926993512092,1006.7803379693555,0.009209628090219583,-0.3003823127685316,0.9537744224533742,-0.07342954048468787,0.9510365895948825,0.30022909225446937,-0.9972578830646801,-0.07280021584832773,-0.013298241905961381
2275.586726188244,373.3442094199279,1006.9146141917876,0.009286724147877607,-0.30034274066645905,0.9537861368690367,-0.07342092087452985,0.9510479029528905,0.30019536083498266,-0.9972578027433714,-0.07281568799283211,-0.013219321071570535
2275.5909740114203,373.2957194886465,1007.0488904142195,0.009363820506105796,-0.30030316692898584,0.953797843779252,-0.073412304000924,0.9510592150444394,0.3001616282943756,-0.9972577161831365,-0.07283115687311723,-0.013140399602676897
2275.595221834597,373.24722955736513,1007.1831666366515,0.009440917164308374,-0.30026359155641774,0.9538095431839299,-0.07340368986393661,0.9510705258694417,0.30012789463290895,-0.9972576233839757,-0.0728466224890638,-0.013061477499890388
2275.5994696577736,373.19873962608375,1007.3174428590836,0.009518014121889566,-0.30022401454906067,0.9538212350829796,-0.07339507846363406,0.9510818354278109,0.30009415985084337,-0.9972575243458894,-0.07286208484055252,-0.01298255476382094
2275.6037174809503,373.15024969480237,1007.4517190815156,0.009595111378253595,-0.3001844359072206,0.9538329194763105,-0.07338646980008261,0.9510931437194594,0.3000604239484396,-0.9972574190688782,-0.07287754392746418,-0.012903631395078488
2275.607965304127,373.101759763521,1007.5859953039476,0.00967220893280468,-0.3001448556312034,0.9538445963638331,-0.07337786387334859,0.9511044507443003,0.30002668692595846,-0.9972573075529426,-0.07289299974967951,-0.012824707394272971
2275.6122131273037,373.05326983223966,1007.7202715263796,0.009749306784947037,-0.30010527372131496,0.9538562657454566,-0.07336926068349822,0.9511157565022466,0.2999929487836605,-0.997257189798083,-0.07290845230707937,-0.01274578276201433
2275.6164609504804,373.0047799009583,1007.8545477488117,0.009826404934084883,-0.3000656901778612,0.953867927621091,-0.07336066023059776,0.9511270609932111,0.2999592095218066,-0.9972570658043001,-0.07292390159954452,-0.012666857498912516
2275.620708773657,372.9562899696769,1007.9888239712436,0.00990350337962243,-0.30002610500114807,0.953879581990646,-0.07335206251471339,0.9511383642171071,0.2999254691406575,-0.9972569355715944,-0.07293934762695588,-0.012587931605577482
2275.6249565968337,372.9078000383955,1008.1231001936757,0.009980602120963888,-0.2999865181914816,0.9538912288540315,-0.07334346753591135,0.951149666173847,0.2998917276404739,-0.9972567990999668,-0.07295479038919428,-0.012509005082619188
2275.62920442001,372.85931010711414,1008.2573764161077,0.010057701157513466,-0.2999469297491676,0.9539028682111578,-0.07333487529425778,0.9511609668633442,0.29985798502151656,-0.997256656389418,-0.07297022988614063,-0.012430077930647598
2275.6334522431866,372.8108201758328,1008.3916526385398,0.010134800488675369,-0.2999073396745122,0.9539145000619349,-0.07332628578981885,0.9511722662855114,0.2998242412840463,-0.9972565074399488,-0.07298566611767587,-0.01235115015027268
2275.6377000663633,372.76233024455144,1008.5259288609717,0.0102119001138538,-0.2998677479678214,0.9539261244062726,-0.07331769902266069,0.9511835644402618,0.29979049642832384,-0.9972563522515597,-0.07300109908368095,-0.012272221742104404
2275.64194788954,372.71384031327005,1008.6602050834038,0.010289000032452962,-0.29982815462940116,0.9539377412440813,-0.07330911499284942,0.9511948613275083,0.2997567504546101,-0.9972561908242521,-0.07301652878403685,-0.01219329270675275
2275.6461957127167,372.6653503819887,1008.7944813058358,0.010366100243877052,-0.29978855965955736,0.9539493505752711,-0.0733005337004511,0.951206156947164,0.29972300336316576,-0.9972560231580266,-0.07303195521862456,-0.012114363044827702
2275.6504435358934,372.6168604507073,1008.9287575282679,0.010443200747530268,-0.2997489630585963,0.9539609523997523,-0.07329195514553181,0.9512174512991417,0.29968925515425165,-0.9972558492528845,-0.07304737838732513,-0.012035432756939251
2275.65469135907,372.5683705194259,1009.0630337506998,0.010520301542816806,-0.2997093648268238,0.9539725467174356,-0.07328337932815762,0.9512287443833547,0.29965550582812867,-0.9972556691088266,-0.0730627982900196,-0.011956501843697382
2275.6589391822467,372.5198805881446,1009.1973099731318,0.010597402629140855,-0.299669764964546,0.9539841335282307,-0.07327480624839455,0.951240036199716,0.2996217553850576,-0.9972554827258538,-0.07307821492658906,-0.011877570305712097
2275.6631870054234,372.4713906568632,1009.3315861955639,0.010674504005906608,-0.299630163472069,0.9539957128320486,-0.07326623590630857,0.9512513267481385,0.2995880038252992,-0.9972552901039677,-0.0730936282969146,-0.011798638143593398
2275.6674348285997,372.4229007255818,1009.4658624179959,0.010751605672518249,-0.2995905603496988,0.9540072846287997,-0.0732576683019657,0.9512626160285352,0.2995542511491144,-0.9972550912431691,-0.07310903840087735,-0.011719705357951292
2275.6716826517763,372.37441079430045,1009.6001386404279,0.010828707628379966,-0.2995509555977416,0.9540188489183945,-0.07324910343543188,0.9512739040408195,0.299520497356764,-0.9972548861434596,-0.07312444523835848,-0.011640771949395792
2275.675930474953,372.32592086301906,1009.7344148628599,0.010905809872895944,-0.29951134921650335,0.9540304057007437,-0.07324054130677306,0.951285190784904,0.299486742448509,-0.9972546748048399,-0.07313984880923917,-0.011561837918536912
2275.6801782981297,372.2774309317377,1009.868691085292,0.01098291240547036,-0.2994717412062904,0.9540419549757578,-0.07323198191605516,0.9512964762607022,0.29945298642461005,-0.9972544572273118,-0.0731552491134006,-0.011482903265984674
2275.6844261213064,372.22894100045636,1010.0029673077239,0.011060015225507392,-0.2994321315674086,0.9540534967433478,-0.0732234252633441,0.9513077604681272,0.29941922928532816,-0.9972542334108764,-0.07317064615072402,-0.01140396799234911
2275.688673944483,372.180451069175,1010.137243530156,0.011137118332411223,-0.29939252030016444,0.9540650310034243,-0.07321487134870572,0.9513190434070918,0.2993854710309243,-0.9972540033555354,-0.0731860399210907,-0.011325032098240245
2275.6929217676598,372.1319611378936,1010.271519752588,0.011214221725586022,-0.29935290740486376,0.9540765577558984,-0.07320632017220588,0.9513303250775091,0.29935171166165914,-0.99725376706129,-0.0732014304243819,-0.011246095584268116
2275.6971695908364,372.0834712066122,1010.40579597502,0.011291325404435962,-0.2993132928818129,0.9540880770006807,-0.07319777173391047,0.9513416054792927,0.2993179511777938,-0.9972535245281419,-0.07321681766047894,-0.011167158451042766
2275.701417414013,372.03498127533084,1010.540072197452,0.011368429368365211,-0.29927367673131794,0.9540995887376824,-0.07318922603388522,0.9513528846123553,0.299284189579589,-0.9972532757560926,-0.07323220162926314,-0.01108822069917424
2275.7056652371894,371.98649134404945,1010.674348419884,0.011445533616777942,-0.2992340589536852,0.9541110929668144,-0.07318068307219598,0.9513641624766103,0.29925042686730585,-0.9972530207451437,-0.07324758233061586,-0.011009282329272587
2275.709913060366,371.93800141276813,1010.8086246423161,0.011522638149078314,-0.2991944395492208,0.954122589687988,-0.07317214284890852,0.9513754390719706,0.2992166630412052,-0.9972527594952967,-0.07326295976441848,-0.010930343341947863
2275.7141608835427,371.88951148148675,1010.9429008647481,0.011599742964670498,-0.299154818518231,0.954134078901114,-0.07316360536408857,0.9513867143983494,0.29918289810154797,-0.9972524920065535,-0.07327833393055241,-0.010851403737810128
2275.7184087067194,371.84102155020537,1011.0771770871801,0.011676848062958645,-0.299115195861022,0.9541455606061041,-0.0731550706178019,0.9513979884556604,0.2991491320485951,-0.9972522182789161,-0.0732937048288991,-0.01077246351746945
2275.722656529896,371.792531618924,1011.2114533096121,0.011753953443346921,-0.29907557157790005,0.9541570348028693,-0.07314653861011415,0.951409261243816,0.2991153648826076,-0.9972519383123859,-0.07330907245933999,-0.010693522681535894
2275.7269043530728,371.7440416876426,1011.3457295320442,0.011831059105239482,-0.2990359456691714,0.9541685014913207,-0.07313800934109106,0.9514205327627299,0.2990815966038464,-0.9972516521069646,-0.07332443682175654,-0.010614581230619532
2275.7311521762495,371.6955517563612,1011.4800057544762,0.011908165048040481,-0.29899631813514227,0.9541799606713698,-0.0731294828107983,0.9514318030123149,0.2990478272125725,-0.9972513596626548,-0.07333979791603032,-0.010535639165330452
2275.735399999426,371.6470618250799,1011.6142819769082,0.01198527127115407,-0.29895668897611904,0.9541914123429284,-0.07312095901930146,0.9514430719924848,0.29901405670904685,-0.9972510609794577,-0.07335515574204281,-0.010456696486278729
2275.7396478226024,371.5985718937985,1011.7485581993402,0.012062377773984398,-0.29891705819240805,0.9542028565059079,-0.07311243796666622,0.9514543397031523,0.2989802850935304,-0.9972507560573759,-0.0733705102996756,-0.010377753194074458
2275.743895645779,371.55008196251714,1011.8828344217723,0.012139484555935618,-0.29887742578431553,0.9542142931602192,-0.07310391965295818,0.951465606144231,0.2989465123662842,-0.9972504448964111,-0.07338586158881025,-0.010298809289327727
2275.7481434689557,371.50159203123576,1012.0171106442042,0.01221659161641187,-0.29883779175214775,0.9542257223057745,-0.07309540407824287,0.9514768713156339,0.29891273852756933,-0.9972501274965654,-0.07340120960932837,-0.010219864772648636
2275.7523912921324,371.4531020999544,1012.1513868666362,0.012293698954817299,-0.2987981560962111,0.9542371439424857,-0.07308689124258591,0.9514881352172744,0.2988789635776467,-0.9972498038578411,-0.07341655436111164,-0.010140919644647292
2275.756639115309,371.404612168673,1012.2856630890683,0.012370806570556048,-0.29875851881681187,0.9542485580702641,-0.0730783811460528,0.9514993978490657,0.29884518751677736,-0.9972494739802403,-0.07343189584404167,-0.010061973905933797
2275.760886938486,371.3561222373917,1012.4199393115003,0.012447914463032256,-0.29871887991425655,0.9542599646890214,-0.07306987378870909,0.9515106592109209,0.29881141034522235,-0.9972491378637651,-0.07344723405800013,-0.009983027557118263
2275.7651347616625,371.3076323061103,1012.5542155339323,0.012525022631650059,-0.2986792393888514,0.95427136379867,-0.07306136917062027,0.9515219193027536,0.29877763206324276,-0.9972487955084182,-0.0734625690028688,-0.009904080598810813
2275.769382584839,371.2591423748289,1012.6884917563643,0.012602131075813594,-0.2986395972409028,0.9542827553991211,-0.07305286729185179,0.951533178124477,0.29874385267109954,-0.9972484469142014,-0.07347790067852937,-0.009825133031621561
2275.773630408016,371.21065244354753,1012.8227679787964,0.01267923979492699,-0.2985999534707172,0.9542941394902873,-0.07304436815246909,0.9515444356760042,0.2987100721690538,-0.9972480920811175,-0.07349322908486362,-0.009746184856160642
2275.777878231192,371.16216251226615,1012.9570442012284,0.012756348788394385,-0.29856030807860096,0.9543055160720803,-0.07303587175253766,0.9515556919572488,0.2986762905573666,-0.9972477310091687,-0.0735085542217533,-0.009667236073038175
2275.7821260543687,371.11367258098477,1013.0913204236604,0.012833458055619902,-0.2985206610648606,0.954316885144412,-0.0730273780921229,0.9515669469681238,0.2986425078362991,-0.9972473636983576,-0.07352387608908026,-0.009588286682864306
2275.7863738775454,371.06518264970344,1013.2255966460924,0.012910567596007666,-0.29848101242980235,0.9543282467071948,-0.07301888717129018,0.9515782007085428,0.29860872400611227,-0.9972469901486868,-0.07353919468672633,-0.009509336686249174
2275.790621700722,371.01669271842206,1013.3598728685245,0.012987677408961803,-0.29844136217373285,0.954339600760341,-0.07301039899010486,0.9515894531784191,0.29857493906706717,-0.9972466103601586,-0.07355451001457336,-0.009430386083802924
2275.794869523899,370.9682027871407,1013.4941490909564,0.013064787493886437,-0.29840171029695844,0.9543509473037627,-0.07300191354863232,0.951600704377666,0.2985411530194251,-0.9972462243327759,-0.07356982207250325,-0.009351434876135701
2275.7991173470755,370.9197128558593,1013.6284253133884,0.013141897850185685,-0.29836205679978567,0.9543622863373721,-0.07299343084693787,0.9516119543061969,0.298507365863447,-0.9972458320665414,-0.07358513086039792,-0.00927248306385767
2275.803365170252,370.8712229245779,1013.7627015358205,0.013219008477263676,-0.29832240168252105,0.9543736178610819,-0.07298495088508683,0.9516232029639252,0.298473577599394,-0.9972454335614575,-0.07360043637813926,-0.009193530647578975
2275.807612993429,370.82273299329654,1013.8969777582525,0.013296119374524509,-0.298282744945471,0.954384941874804,-0.07297647366314446,0.9516344503507642,0.2984397882275273,-0.9972450288175271,-0.07361573862560929,-0.00911457762790979
2275.8118608166055,370.7742430620152,1014.0312539806845,0.013373230541372304,-0.298243086588942,0.9543962583784513,-0.07296799918117604,0.9516456964666273,0.29840599774810805,-0.9972446178347533,-0.07363103760268998,-0.009035624005460288
2275.8161086397818,370.72575313073384,1014.1655302031165,0.013450341977211183,-0.2982034266132407,0.9544075673719363,-0.07295952743924682,0.9516569413114278,0.29837220616139726,-0.9972442006131385,-0.07364633330926332,-0.008956669780840629
2275.8203564629584,370.67726319945245,1014.2998064255486,0.013527453681445242,-0.2981637650186735,0.9544188688551717,-0.07295105843742199,0.9516681848850793,0.2983384134676562,-0.9972437771526861,-0.0736616257452114,-0.008877714954661001
2275.824604286135,370.6287732681711,1014.4340826479806,0.013604565653478593,-0.29812410180554694,0.9544301628280698,-0.0729425921757668,0.9516794271874953,0.298304619667146,-0.9972433474533985,-0.07367691491041622,-0.008798759527531582
2275.828852109312,370.5802833368897,1014.5683588704126,0.013681677892715348,-0.29808443697416764,0.9544414492905434,-0.0729341286543464,0.9516906682185888,0.29827082476012784,-0.9972429115152791,-0.07369220080475992,-0.008719803500062562
2275.8330999324885,370.5317934056083,1014.7026350928446,0.013758790398559597,-0.2980447705248422,0.9544527282425057,-0.07292566787322594,0.9517019079782738,0.29823702874686286,-0.9972424693383312,-0.07370748342812462,-0.008640846872864136
2275.837347755665,370.483303474327,1014.8369113152767,0.013835903170415454,-0.2980051024578772,0.9544639996838689,-0.07291720983247059,0.9517131464664634,0.29820323162761236,-0.9972420209225573,-0.07372276278039241,-0.008561889646546491
2275.841595578842,370.4348135430456,1014.9711875377086,0.01391301620768701,-0.2979654327735792,0.9544752636145465,-0.07290875453214542,0.9517243836830711,0.29816943340263735,-0.9972415662679609,-0.0737380388614455,-0.008482931821719837
2275.8458434020185,370.3863236117642,1015.1054637601407,0.013990129509778366,-0.29792576147225475,0.954486520034451,-0.07290030197231556,0.9517356196280105,0.29813563407219923,-0.9972411053745451,-0.07375331167116607,-0.008403973398994378
2275.8500912251952,370.33783368048285,1015.2397399825727,0.014067243076093621,-0.29788608855421056,0.9544977689434956,-0.07289185215304608,0.9517468543011949,0.298101833636559,-0.9972406382423132,-0.0737685812094363,-0.008325014378980315
2275.8543390483715,370.28934374920146,1015.3740162050048,0.014144356906036859,-0.2978464140197533,0.9545090103415934,-0.07288340507440202,0.9517580877025378,0.29806803209597815,-0.9972401648712687,-0.07378384747613849,-0.008246054762287878
2275.858586871548,370.2408538179201,1015.5082924274367,0.014221470999012184,-0.29780673786918943,0.9545202442286572,-0.07287496073644843,0.9517693198319528,0.29803422945071767,-0.9972396852614145,-0.07379911047115485,-0.00816709454952727
2275.862834694725,370.19236388663876,1015.6425686498687,0.01429858535442367,-0.29776706010282583,0.9545314706046009,-0.07286651913925027,0.9517805506893534,0.29800042570103885,-0.9972391994127544,-0.07381437019436775,-0.008088133741308737
2275.8670825179015,370.1438739553574,1015.7768448723008,0.014375699971675412,-0.29772738072096905,0.954542689469337,-0.07285808028287259,0.951791780274653,0.29796662084720305,-0.9972387073252916,-0.07382962664565942,-0.00800917233824249
2275.871330341078,370.095384024076,1015.9111210947328,0.014452814850171495,-0.29768769972392584,0.9545539008227791,-0.07284964416738034,0.9518030085877655,0.29793281488947143,-0.9972382089990297,-0.07384487982491224,-0.007930210340938765
2275.875578164255,370.0468940927946,1016.0453973171648,0.014529929989316001,-0.2976480171120027,0.9545651046648407,-0.07284121079283844,0.951814235628604,0.2978990078281053,-0.9972377044339723,-0.07386012973200862,-0.007851247750007808
2275.8798259874316,369.99840416151324,1016.1796735395968,0.014607045388513012,-0.2976083328855066,0.9545763009954348,-0.07283278015931187,0.9518254613970824,0.2978651996633659,-0.9972371936301228,-0.07387537636683085,-0.00777228456605985
2275.8840738106082,369.94991423023185,1016.3139497620289,0.014684161047166603,-0.29756864704474406,0.9545874898144753,-0.07282435226686544,0.9518366858931139,0.29783139039551454,-0.997236676587485,-0.07389061972926146,-0.007693320789705154
2275.888321633785,369.90142429895053,1016.4482259844609,0.014761276964680856,-0.297528959590022,0.9545986711218755,-0.07281592711556414,0.9518479091166121,0.2977975800248124,-0.9972361533060624,-0.07390585981918281,-0.007614356421553955
2275.892569456961,369.85293436766915,1016.5825022068929,0.01483839314045984,-0.29748927052164703,0.9546098449175491,-0.07280750470547276,0.9518591310674909,0.29776376855152087,-0.9972356237858591,-0.07392109663647742,-0.0075353914622165235
2275.896817280138,369.80444443638777,1016.7167784293249,0.014915509573907639,-0.29744957983992587,0.9546210112014095,-0.07279908503665618,0.9518703517456637,0.29772995597590135,-0.9972350880268784,-0.07393633018102776,-0.007456425912303108
2275.9010651033145,369.7559545051064,1016.851054651757,0.014992626264428308,-0.29740988754516545,0.9546321699733709,-0.0727906681091792,0.9518815711510441,0.297696142298215,-0.9972345460291246,-0.07395156045271638,-0.007377459772423988
2275.905312926491,369.707464573825,1016.9853308741889,0.015069743211425929,-0.29737019363767236,0.9546433212333465,-0.07278225392310661,0.9518927892835457,0.29766232751872324,-0.9972339977926012,-0.07396678745142575,-0.0072984930431894204
2275.909560749668,369.6589746425436,1017.1196070966209,0.01514686041430456,-0.29733049811775364,0.9546544649812506,-0.0727738424785032,0.9519040061430822,0.29762851163768733,-0.9972334433173125,-0.07398201117703855,-0.007219525725209692
2275.9138085728446,369.6104847112623,1017.253883319053,0.01522397787246827,-0.2972908009857158,0.9546656012169968,-0.07276543377543374,0.9519152217295671,0.2975946946553687,-0.997232882603262,-0.07399723162943728,-0.007140557819095068
2275.9180563960213,369.5619947799809,1017.388159541485,0.015301095585321126,-0.2972511022418659,0.9546767299404989,-0.07275702781396293,0.9519264360429142,0.29756087657202857,-0.9972323156504541,-0.0740124488085046,-0.007061589325455847
2275.922304219198,369.51350484869954,1017.522435763917,0.015378213552267183,-0.2972114018865107,0.9546878511516711,-0.07274862459415551,0.9519376490830369,0.2975270573879284,-0.9972317424588928,-0.07402766271412314,-0.006982620244902302
2275.9265520423746,369.46501491741816,1017.656711986349,0.015455331772710499,-0.297171699919957,0.9546989648504276,-0.07274022411607615,0.951948860849849,0.29749323710332953,-0.9972311630285821,-0.07404287334617562,-0.006903650578044742
2275.930799865551,369.4165249861368,1017.7909882087811,0.015532450246055141,-0.2971319963425117,0.9547100710366823,-0.07273182637978957,0.9519600713432642,0.2974594157184933,-0.9972305773595261,-0.07405808070454466,-0.00682468032549345
2275.9350476887275,369.36803505485545,1017.9252644312131,0.015609568971705148,-0.2970922911544816,0.9547211697103495,-0.07272343138536037,0.9519712805631962,0.2974255932336812,-0.9972299854517294,-0.07407328478911306,-0.006745709487858739
2275.939295511904,369.3195451235741,1018.0595406536451,0.015686687949064585,-0.29705258435617377,0.9547322608713432,-0.07271503913285318,0.9519824885095586,0.2973917696491545,-0.9972293873051957,-0.0740884855997635,-0.0066667380657509144
2275.943543335081,369.2710551922927,1018.1938168760771,0.0157638071775375,-0.2970128759478948,0.954743344519578,-0.07270664962233264,0.9519936951822651,0.2973579449651746,-0.9972287829199299,-0.0741036831363788,-0.006587766059780278
2275.9477911582576,369.2225652610113,1018.3280930985092,0.01584092665652794,-0.29697316592995193,0.9547544206549679,-0.07269826285386331,0.9520049005812294,0.297324119182003,-0.997228172295936,-0.07411887739884172,-0.006508793470557153
2275.9520389814343,369.17407532972993,1018.4623693209412,0.015918046385439963,-0.2969334543026519,0.9547654892774275,-0.0726898788275098,0.9520161047063654,0.2972902922999011,-0.9972275554332184,-0.07413406838703511,-0.006429820298691854
2275.956286804611,369.12558539844855,1018.5966455433731,0.0159951663636776,-0.29689374106630156,0.9547765503868713,-0.07268149754333657,0.9520273075575867,0.29725646431913033,-0.9972269323317817,-0.0741492561008418,-0.006350846544794712
2275.9605346277876,369.0770954671672,1018.7309217658052,0.0160722865906449,-0.296854026221208,0.9547876039832137,-0.0726731190014082,0.9520385091348068,0.297222635239952,-0.9972263029916305,-0.0741644405401447,-0.00627187220947606
2275.9647824509643,369.02860553588584,1018.8651979882372,0.016149407065745903,-0.29681430976767814,0.9547986500663693,-0.07266474320178919,0.9520497094379397,0.2971888050626277,-0.9972256674127691,-0.07417962170482667,-0.006192897293346216
2275.9690302741406,368.98011560460446,1018.9994742106692,0.016226527788384654,-0.2967745917060191,0.954809688636253,-0.072656370144544,0.9520609084668993,0.2971549737874188,-0.9972250255952022,-0.07419479959477067,-0.0061139217970155365
2275.9732780973172,368.9316256733231,1019.1337504331012,0.016303648757965184,-0.2967348720365375,0.9548207196927788,-0.07264799982973713,0.952072106221599,0.2971211414145868,-0.9972243775389343,-0.07420997420985957,-0.006034945721094342
2275.977525920494,368.8831357420417,1019.2680266555333,0.01638076997389153,-0.2966951507595406,0.9548317432358623,-0.07263963225743296,0.9520833027019527,0.2970873079443931,-0.9972237232439706,-0.07422514554997646,-0.0059559690661930035
2275.9817737436706,368.8346458107603,1019.4023028779653,0.01645789143556773,-0.2966554278753353,0.9548427592654177,-0.07263126742769595,0.9520944979078745,0.2970534733770993,-0.9972230627103154,-0.07424031361500426,-0.005876991832921858
2275.9860215668473,368.786155879479,1019.5365791003973,0.016535013142397813,-0.29661570338422877,0.9548537677813601,-0.07262290534059047,0.9521056918392777,0.29701963771296674,-0.9972223959379733,-0.074255478404826,-0.0057980140218912585
2275.990269390024,368.7376659481976,1019.6708553228293,0.016612135093785806,-0.2965759772865278,0.9548647687836045,-0.07261454599618092,0.9521168844960765,0.296985800952257,-0.9972217229269498,-0.07427063991932477,-0.00571903563371158
2275.9945172132007,368.68917601691624,1019.8051315452614,0.01668925728913574,-0.29653624958253966,0.9548757622720656,-0.07260618939453163,0.9521280758781843,0.29695196309523164,-0.9972210436772493,-0.07428579815838364,-0.005640056668993179
2275.9987650363773,368.64068608563485,1019.9394077676934,0.016766379727851645,-0.2964965202725713,0.9548867482466588,-0.07259783553570698,0.9521392659855153,0.2969181241421521,-0.9972203581888768,-0.07430095312188564,-0.005561077128346415
2276.0030128595536,368.5921961543535,1020.0736839901253,0.016843502409337536,-0.29645678935692976,0.9548977267072989,-0.0725894844197712,0.9521504548179833,0.29688428409327977,-0.9972196664618375,-0.074316104809714,-0.005482097012381684
2276.0072606827302,368.5437062230721,1020.2079602125574,0.016920625332997444,-0.2964170568359222,0.9549086976539012,-0.07258113604678862,0.952161642375502,0.2968504429488764,-0.9972189684961361,-0.07433125322175183,-0.005403116321709348
2276.011508505907,368.49521629179077,1020.3422364349894,0.016997748498235384,-0.2963773227098556,0.9549196610863809,-0.07257279041682355,0.9521728286579855,0.2968166007092034,-0.997218264291778,-0.07434639835788226,-0.005324135056939793
2276.0157563290836,368.4467263605094,1020.4765126574214,0.017074871904455377,-0.2963375869790373,0.9549306170046531,-0.07256444752994018,0.952184013665347,0.2967827573745223,-0.9972175538487681,-0.07436154021798855,-0.00524515321868341
2276.0200041522603,368.398236429228,1020.6107888798534,0.017151995551061443,-0.2962978496437741,0.9549415654086335,-0.07255610738620275,0.9521951973975014,0.2967489129450948,-0.9972168371671117,-0.07437667880195392,-0.005166170807550584
2276.024251975437,368.3497464979466,1020.7450651022855,0.01722911943745759,-0.2962581107043733,0.9549525062982371,-0.07254776998567547,0.9522063798543616,0.29671506742118225,-0.9972161142468141,-0.07439181410966161,-0.005087187824151718
2276.0284997986137,368.30125656666524,1020.8793413247175,0.017306243563047833,-0.2962183701611421,0.9549634396733797,-0.07253943532842251,0.9522175610358421,0.2966812208030464,-0.9972153850878805,-0.07440694614099493,-0.005008204269097215
2276.0327476217903,368.25276663538386,1021.0136175471495,0.017383367927236184,-0.2961786280143875,0.9549743655339763,-0.07253110341450808,0.9522287409418566,0.29664737309094874,-0.9972146496903161,-0.07442207489583712,-0.004929220142997467
2276.036995444967,368.20427670410254,1021.1478937695815,0.017460492529426656,-0.29613888426441687,0.9549852838799432,-0.07252277424399625,0.9522399195723191,0.29661352428515086,-0.9972139080541266,-0.07443720037407157,-0.004850235446462893
2276.0412432681433,368.15578677282116,1021.2821699920136,0.017537617369023255,-0.29609913891153716,0.9549961947111955,-0.0725144478169512,0.9522510969271434,0.29657967438591437,-0.9972131601793169,-0.0744523225755816,-0.0047712501801039035
2276.04549109132,368.1072968415398,1021.4164462144456,0.017614742445429984,-0.29605939195605574,0.9550070980276488,-0.072506124133437,0.9522622730062434,0.29654582339350083,-0.997212406065893,-0.07446744150025061,-0.004692264344530918
2276.0497389144966,368.0588069102584,1021.5507224368775,0.017691867758050848,-0.29601964339827974,0.955017993829219,-0.07249780319351774,0.9522734478095333,0.29651197130817186,-0.9972116457138601,-0.074482557147962,-0.00461327794035436
2276.0539867376733,368.010316978977,1021.6849986593096,0.017768993306289844,-0.29597989323851637,0.9550288821158223,-0.07248948499725745,0.9522846213369268,0.2964781181301892,-0.9972108791232239,-0.0744976695185992,-0.004534290968184662
