0.5033726491960051,0.14789479580944584,0.27652463310142106,2.9480287437373898,-1.841544942216444,-0.760988341795126
0.5032877124612418,0.1477451594749367,0.27667147559086525,2.947972536476107,-1.841532793072047,-0.7610677261934763
0.5034168036822488,0.14686661208081211,0.2772565506237241,2.9476444618356408,-1.8407109199763299,-0.7602294528363484
0.5035469424483003,0.14598620887258698,0.27784322887555746,2.9473146989637944,-1.8398869647455383,-0.7593918131993544
0.5036781258963381,0.14510396596114514,0.2784315038764964,2.9469832511587906,-1.8390609476006476,-0.7585548077335426
0.5038103533034279,0.1442198919749867,0.27902137370842417,2.946650118692041,-1.8382328805251051,-0.7577184288815099
0.5039436235733645,0.1433339939984175,0.27961283770142376,2.9463153013799412,-1.8374027747590993,-0.7568826682143105
0.5040779385797336,0.1424462766208448,0.2802058958289464,2.9459787975035505,-1.8365706361505163,-0.7560475126909088
0.5042132957311809,0.14155675531213197,0.2808005418754751,2.945640610090979,-1.8357364840537524,-0.7552129620527438
0.5043496948437229,0.14066544047939145,0.28139677233872673,2.945300739893664,-1.8349003311285434,-0.7543790097811846
0.5044871337263235,0.13977234650193718,0.28199458157320856,2.9449591894951777,-1.834062195388097,-0.7535456543490978
0.5046256113795109,0.1388774835930782,0.2825939664751118,2.944615959774157,-1.8332220902682153,-0.7527128898228369
0.5047651269330786,0.13798086151607394,0.2831949241953007,2.9442710514209987,-1.8323800286992007,-0.7518807098255446
0.5049056795021345,0.13708249004819395,0.2837974518566775,2.9439244651332745,-1.8315360236267781,-0.7510491080263031
0.5050472681871607,0.13618237898466076,0.28440154655147776,2.943576201615427,-1.830690088015033,-0.7502180781527747
0.5051898920725288,0.13528053814366864,0.28500720533776347,2.9432262615819154,-1.8298422348517382,-0.7493876139915262
0.5053335502264362,0.13437697736887588,0.28561442523762826,2.942874645757215,-1.8289924771502504,-0.7485577093955041
0.5054782417002035,0.13347170653219478,0.28622320323516903,2.942521354877247,-1.828140827952269,-0.7477283582860789
0.5056239655278985,0.132564735535758,0.28683353627500185,2.942166389690082,-1.827287300329618,-0.7468995546560669
0.50577071430062,0.13165606548788025,0.28744543019173663,2.9418097492499284,-1.8264319082695335,-0.7460712923973912
0.50591851733199,0.13074567479626392,0.2880588935715531,2.941451416220125,-1.8255746057327007,-0.7452435118538338
0.5060673304258336,0.12983367526437076,0.28867386473925194,2.9410914374657815,-1.8247155329245015,-0.7444163263945065
0.5062171720365325,0.12892001708228634,0.28929037705590277,2.940729788072586,-1.8238546352269989,-0.743589665998779
0.5063680400535424,0.12800471344039657,0.2899084253472841,2.940366470223614,-1.8229919294457586,-0.7427635283810008
0.5065199334518096,0.1270877741003729,0.29052800652638755,2.9400014846279947,-1.8221274285271525,-0.7419379076528891
0.5066728511820622,0.1261692088936831,0.29114911743957794,2.9396348320222523,-1.8212611454851062,-0.7411127980409773
0.5068267829592656,0.1252490147611971,0.2917717679070968,2.9392665105411555,-1.8203930944590248,-0.7402881943074536
0.5069817609125242,0.12432713980810538,0.2923959880202587,2.938896490937662,-1.8195232036244222,-0.7394640117971788
0.5071377601057021,0.12340366855905825,0.29302172831964635,2.938524806365026,-1.8186515697426875,-0.7386403238428667
0.5072947797776806,0.12247861162607421,0.2936489848674124,2.938151457766987,-1.8177782060216048,-0.7378171250654123
0.507452814647408,0.12155197780688173,0.2942777567279,2.9377764464413207,-1.816903129567366,-0.736994413752954
0.5076118761415893,0.12062375787690977,0.29490805012183885,2.937399763277285,-1.8160263245912267,-0.7361721575461193
0.5077719493177781,0.1196939945084697,0.2955398425035074,2.9370214241748274,-1.8151478446701867,-0.7353503890574923
0.507933040063957,0.1187626812580943,0.2961731400350889,2.9366414222961232,-1.8142676825088238,-0.7345290839049252
0.5080951440292942,0.11782983815861214,0.2968079329692328,2.9362597628610287,-1.8133858624269532,-0.7337082473588954
0.5082582558687041,0.11689547009192966,0.29744422315965324,2.935876445728373,-1.8125023986075988,-0.7328878754744704
0.508422389996527,0.11595956138114101,0.2980820205226675,2.9354914585970495,-1.811617267023655,-0.7320679283162982
0.5085875318158859,0.11502216319329199,0.29872129576689943,2.9351048205837453,-1.8107305269491596,-0.7312484439096747
0.5087536709373861,0.11408327263870785,0.2993620582979437,2.934716529802172,-1.8098421926028234,-0.7304294190994286
0.5089208400477023,0.11314283712196137,0.3000043389783529,2.9343265558715252,-1.808952191466249,-0.7296107686125398
0.5090890129672889,0.11220094298482217,0.3006480862968921,2.9339349337706477,-1.8080606221841597,-0.7287925672327583
0.5092581882991465,0.11125760068395198,0.3012932963150161,2.9335416645402934,-1.807167498377637,-0.7279748105795754
0.5094283646254523,0.11031282071608384,0.3019399650439645,2.9331467492401107,-1.8062728337052811,-0.7271574943665132
0.5095995405092553,0.10936661361564376,0.3025880884462986,2.9327501889448286,-1.8053766418595654,-0.7263406144123454
0.509771705519872,0.10841897660038138,0.3032376757068733,2.9323519817479062,-1.8044789371082746,-0.7255241686859947
0.5099448926272112,0.10746985680222298,0.30388875803552917,2.931952096698231,-1.803579646664924,-0.7247080717265524
0.5101190750454578,0.10651934145189393,0.3045412828943592,2.931550569677395,-1.8026788700669905,-0.7238923991568471
0.5102942512562008,0.10556744124024109,0.30519524604630366,2.9311474018299366,-1.8017766211507888,-0.7230771471962201
0.5104704197192076,0.10461416689752817,0.305850643203458,2.9307425943210204,-1.800872913789433,-0.7222623121567228
0.510647578874698,0.10365952919031526,0.3065074700291701,2.9303361483313815,-1.7999677618880858,-0.7214478904575924
0.5108257260094162,0.10270353720596523,0.307165723836494,2.9299280646628083,-1.7990611794332858,-0.7206338789456012
0.5110048627606121,0.10174619182041142,0.3078254065728043,2.929518339940993,-1.7981531693673805,-0.7198202641281117
0.511184987766935,0.10078750331906774,0.3084865141358064,2.9291069750794776,-1.7972437449877057,-0.7190070421298111
0.5113660993686175,0.09982748285300728,0.3091490418463507,2.9286939713922657,-1.79633292055235,-0.7181942100341414
0.5115481958839805,0.09886614160873382,0.3098129849758744,2.9282793302129804,-1.7954207103516857,-0.7173817650205958
0.5117312756104408,0.09790349080646686,0.310478338747479,2.9278630528926133,-1.7945071287058991,-0.7165697043710002
0.5119153368232348,0.09693954170120109,0.3111450983349704,2.9274451408023094,-1.7935921899667981,-0.7157580254620499
0.5121003777768749,0.0959743055804674,0.3118132588643303,2.927025595330153,-1.7926759085145343,-0.71494672577423
0.5122863967035185,0.09500779376582436,0.31248281541243705,2.9266044178847364,-1.7917582987600684,-0.7141358028822484
0.5124733918148743,0.09404001761008843,0.3131537630089414,2.9261816098909605,-1.790839375141067,-0.7133252544666323
0.5126613613002755,0.09307098849918051,0.3138260966347255,2.9257571727942575,-1.7899191521249116,-0.7125150783024176
0.5128503033279186,0.0921007178501737,0.31449981122317805,2.9253311080578763,-1.7889976442058557,-0.7117052722667068
0.5130402160443914,0.09112921711138558,0.315174901659961,2.9249034171639114,-1.7880748659053236,-0.7108958343360441
0.5132310975748964,0.09015649776165628,0.3158513627833748,2.9244741016128257,-1.7871508317709632,-0.7100867625878992
0.5134229460231818,0.08918257130996446,0.31652918938448615,2.9240431629236014,-1.7862255563762077,-0.709278055200441
0.5136157594711235,0.08820744929546118,0.3172083762069353,2.92361060263468,-1.785299054320492,-0.7084697104501684
0.5138095359799051,0.08723114328560837,0.31788891794816765,2.9231764223013843,-1.7843713402265453,-0.7076617267190551
0.5140042735878718,0.0862536648782647,0.31857080925771375,2.922740623500638,-1.7834424287437505,-0.7068541024820093
0.5141999703136442,0.08527502569753327,0.31925404474014507,2.9223032078241853,-1.7825123345419296,-0.7060468363252927
0.5143966241529445,0.08429523739706166,0.3199386189524416,2.9218641768855433,-1.7815810723165637,-0.7052399269280032
0.5145942330802367,0.08331431165763437,0.3206245264056471,2.9214235323164606,-1.780648656785257,-0.704433373071762
0.5147927950494404,0.08233226018587726,0.32131176156569374,2.9209812757653904,-1.7797151026859064,-0.7036271736449512
0.5149923079919492,0.0813490947161276,0.32200031885184477,2.920537408901847,-1.7787804247797279,-0.7028213276312169
0.5151927698184138,0.08036482700787186,0.32269019263847887,2.920091933412569,-1.7778446378474904,-0.7020158341198716
0.5153941784179534,0.07937946884621704,0.3233813772545906,2.9196448510032718,-1.7769077566903932,-0.7012106923013673
0.515596531657819,0.0783930320418075,0.3240738669837053,2.919196163399441,-1.7759697961301084,-0.700405901465305
0.5157998273845554,0.07740552842901326,0.3247676560651156,2.918745872343849,-1.7750307710061577,-0.6996014610071921
0.5160040634230296,0.07641696986659277,0.3254627386932356,2.9182939795987215,-1.7740906961770975,-0.69879737042279
0.5162092375768705,0.07542736823671298,0.3261591090182092,2.9178404869448507,-1.7731495865191844,-0.697993629310583
0.5164153476283588,0.0744367354446132,0.3268567611460287,2.91738539618189,-1.7722074569260204,-0.6971902373711021
0.5166223913382844,0.07344508341829985,0.3275556891386324,2.91692870912873,-1.7712643223082545,-0.6963871944060362
0.516830366446746,0.07245242410714295,0.3282558870148473,2.9164704276218387,-1.7703201975916132,-0.6955845003226918
0.5170392706720177,0.07145876948272836,0.3289573487496029,2.9160105535177885,-1.769375097718359,-0.6947821551274103
0.5172491017118217,0.07046413153690095,0.3296600682753039,2.9155490886905713,-1.7684290376444833,-0.6939801589326984
0.5174598572421076,0.06946852228271173,0.33036403948097526,2.915086035034336,-1.7674820323413174,-0.6931785119500903
0.517671534918462,0.06847195375230744,0.33106925621376115,2.914621394460401,-1.7665340967924892,-0.6923772144980419
0.5178841323742684,0.06747443799858258,0.3317757122775251,2.914155168901346,-1.765585245996611,-0.6915762669912404
0.5180976472233882,0.06647598709160553,0.33248340143548893,2.913687360305277,-1.7646354949620175,-0.6907756699556373
0.5183120770574328,0.06547661312128927,0.33319231740805044,2.913217970641846,-1.7636848587110003,-0.6899754240127283
0.5185274194477243,0.0644763281946488,0.3339024538747817,2.912747001898089,-1.7627333522758195,-0.6891755298904267
0.5187436719445162,0.06347514443622049,0.33461380447399525,2.9122744560802194,-1.7617809906995119,-0.6883759884183854
0.5189608320775405,0.062473073986950206,0.33532636280348815,2.9118003352125457,-1.7608277890343895,-0.6875768005307786
0.5191788973553106,0.06147012900451067,0.3360401224201848,2.9113246413390947,-1.7598737623426997,-0.686777967262058
0.5193978652657498,0.060466321662099747,0.33675507684096173,2.9108473765223533,-1.7589189256949787,-0.6859794897501953
0.5196177332763772,0.05946166414773809,0.33747121954308645,2.910368542842983,-1.7579632941691763,-0.6851813692373561
0.519838498833709,0.05845616866447134,0.33818854396395315,2.909888142401237,-1.7570068828511438,-0.6843836070661554
0.5200601593642262,0.057449847428780745,0.33890704350222123,2.9094061773149757,-1.7560497068324095,-0.6835862046847418
0.52028271227339,0.05644271267121556,0.33962671151721757,2.9089226497219407,-1.755091781211328,-0.6827891636408017
0.5205061549467458,0.055434776634650164,0.34034754133020106,2.908437561777469,-1.7541331210906252,-0.6819924855873902
0.5207304847491567,0.05442605157466586,0.34106952622396713,2.9079509156563006,-1.7531737415781685,-0.6811961722781333
0.5209556990252664,0.05341654975853514,0.3417926594435461,2.9074627135517037,-1.752213657785622,-0.6804002255693675
0.5211817950999511,0.05240628346422696,0.3425169341968948,2.9069729576746304,-1.7512528848271272,-0.6796046474221816
0.5214087702771444,0.051395264981236415,0.34324234365414785,2.9064816502564064,-1.7502914378207595,-0.6788094398953443
0.5216366218415507,0.05038350660816421,0.34396888094943856,2.905988793545159,-1.7493293318850582,-0.6780146051543164
0.521865347057461,0.049371020653563295,0.34469653918014176,2.905494389808532,-1.7483665821405021,-0.6772201454641279
0.5220949431694879,0.04835781943461609,0.3454253114078334,2.9049984413322423,-1.7474032037077105,-0.6764260631928719
0.5223254074024002,0.04734391527683155,0.346155190658447,2.904500950420584,-1.7464392117071805,-0.6756323608102305
0.5225567369609618,0.04632932051373004,0.3468861699224399,2.9040019193969435,-1.7454746212590144,-0.6748390408859436
0.522788929031039,0.045314047485118886,0.34761824215608605,2.9035013506015543,-1.744509447480513,-0.6740461060953151
0.5230219807780601,0.04429810853831845,0.3483514002804191,2.9029992463949914,-1.7435437054882261,-0.6732535592100838
0.5232558893488286,0.043281516025644694,0.3490856371831641,2.902495609154414,-1.7425774103943645,-0.6724614031077257
0.523490651870159,0.04226428230544445,0.3498209457178363,2.901990441276689,-1.741610577308553,-0.671669640763266
0.5237262654503669,0.04124641973993834,0.35055731870539386,2.9014837451753235,-1.7406432213347958,-0.6708782752567857
0.5239627271776133,0.040227940696577674,0.3512947489330802,2.900975523284235,-1.7396753575737134,-0.670087309763593
0.5242000341221549,0.039208857545048485,0.35203322915675894,2.900465778053048,-1.7387070011182455,-0.6692967475658208
0.5244381833343952,0.03818918265895051,0.35277275209949965,2.899954511951495,-1.7377381670563772,-0.6685065920410045
0.5246771718462386,0.037168928413798125,0.35351331045311785,2.899441727466664,-1.7367688704683455,-0.6677168466687059
0.5249169966709624,0.036148107186683556,0.35425489687838807,2.898927427103464,-1.735799126426333,-0.666927515029014
0.5251576548034573,0.03512673135551295,0.35499750400559993,2.898411613384284,-1.7348289499935357,-0.6661386008030308
0.5253991432192326,0.034104813299628174,0.35574112443399364,2.8978942888513406,-1.733858356225293,-0.6653501077666644
0.525641458876466,0.03308236539704983,0.3564857507339376,2.897375456062436,-1.7328873601651722,-0.6645620398008606
0.5258845987143426,0.03205940002582576,0.35723137544578076,2.8968551175947383,-1.7319159768471906,-0.6637744008817704
0.5261285596539964,0.031035929562510625,0.35797799108103323,2.8963332760429514,-1.7309442212937478,-0.6629871950849413
0.5263733385991998,0.03001196638092444,0.3587255901233264,2.895809934018016,-1.7299721085139785,-0.662200426588138
0.52661893243463,0.028987522853575396,0.3594741650272071,2.8952850941510633,-1.7289996535060848,-0.6614140996610893
0.5268653380283155,0.027962611348489992,0.3602237082206725,2.894758759088331,-1.7280268712528126,-0.6606282186776966
0.5271125522299447,0.02693724423059313,0.3609742121040038,2.8942309314950205,-1.727053776723717,-0.6598427881060207
0.5273605718716858,0.02591143386032537,0.3617256690508497,2.8937016140537426,-1.7260803848733126,-0.659057812511682
0.5276093937688073,0.024885192592495466,0.3624780714091296,2.8931708094633803,-1.7251067106395643,-0.6582732965602186
0.5278590147187958,0.023858532776760664,0.36323141150060057,2.89263852044121,-1.724132768944818,-0.6574892450113542
0.5281094315022905,0.022831466756139344,0.3639856816220426,2.892104749721105,-1.7231585746937934,-0.6567056627229506
0.5283606408824806,0.02180400686719199,0.36474087404507594,2.8915695000550405,-1.722184142774056,-0.6559225546468218
0.5286126396067963,0.020776165437712175,0.3654969810180311,2.8910327742096813,-1.7212094880528022,-0.6551399258365806
0.528865424404374,0.01974795478901164,0.3662539947640351,2.890494574972055,-1.720234625380454,-0.65435778143321
0.529118991988732,0.018719387232545917,0.3670119074837668,2.889954905144016,-1.7192595695858615,-0.6535761266781136
0.5293733390573472,0.017690475069915567,0.3677707113554365,2.8894137675433833,-1.7182843354765112,-0.6527949669097561
0.5296284622903138,0.016661230593850575,0.36853039853394276,2.888871165007052,-1.717308937840194,-0.6520143075555191
0.5298843583519766,0.01563166608597836,0.3692909611527013,2.888327100387707,-1.7163333914419052,-0.6512341541391666
0.5301410238913515,0.014601793815921069,0.3700523913243785,2.887781576553155,-1.7153577110227138,-0.650454512281881
0.530398455540745,0.01357162604231934,0.37081468114002036,2.887234596389519,-1.7143819113014889,-0.649675387693896
0.5306566499169043,0.01254117501113786,0.37157782267044825,2.8866861627989997,-1.7134060069725934,-0.648896786179351
0.5309156036214899,0.011510452954710223,0.37234180796704175,2.886136278699104,-1.7124300127046854,-0.6481187136375461
0.5311753132402028,0.01047947209222175,0.3731066290613263,2.8855849470247468,-1.711453943141634,-0.6473411760572301
0.5314357753441628,0.009448244627783986,0.37387227796657196,2.885032170725533,-1.710477812899883,-0.6465641795225369
0.531696986488952,0.00841678275101424,0.37463874667730357,2.88447795276806,-1.709501636569515,-0.6457877302067795
0.5319589432145837,0.007385098636618193,0.37540602716963867,2.883922296136212,-1.7085254287138383,-0.6450118343710952
0.5322216420483832,0.006353204440884423,0.3761741114042383,2.883365203825231,-1.707549203864423,-0.6442364983780636
0.5324850795002907,0.005321112306242558,0.37694299132246356,2.8828066788520372,-1.7065729765280282,-0.6434617286661813
0.532749252068303,0.004288834355038054,0.377712658851624,2.8822467242437986,-1.7055967611776335,-0.642687531776667
0.5330141562349313,0.00325638269286649,0.37848310590216716,2.8816853430457785,-1.7046205722575551,-0.6419139143339029
0.5332797884683695,0.0022237694068961518,0.3792543243690991,2.881122538319078,-1.7036444241811803,-0.6411408830501609
0.5335461452235166,0.001191006564356721,0.38002630613326915,2.8805583131386943,-1.7026683313289506,-0.6403684447295201
0.5338132229415304,0.00015810621258874547,0.38079904306133816,2.8799926705947256,-1.701692308048637,-0.6395966062642476
0.5340810180493509,-0.0008749196208802591,0.3815725270057233,2.879425613793648,-1.7007163686556577,-0.6388253746310258
0.5343495269611718,-0.001908058930309936,0.38234674980628736,2.878857145855411,-1.699740527430379,-0.6380547568971063
0.534618746077653,-0.0029412997313340867,0.38312170329000117,2.8782872699153845,-1.6987647986189314,-0.6372847602149286
0.5348886717860704,-0.003974630061537405,0.38389737927145173,2.877715989124287,-1.6977891964325573,-0.6365153918215026
0.5351593004617148,-0.0050080379823384666,0.3846737695544675,2.877143306645448,-1.6968137350450623,-0.6357466590441291
0.5354306284663148,-0.006041511577742083,0.3854508659310709,2.876569225658443,-1.6958384285948385,-0.6349785692909796
0.5357026521492569,-0.007075038956034312,0.3862286601829501,2.8759937493567347,-1.69486329118259,-0.6342111300558871
0.5359753678480681,-0.008108608250689223,0.38700714408226045,2.8754168809469025,-1.6938883368702056,-0.6334443489193228
0.5362487718876672,-0.009142207619985866,0.3877863093913221,2.8748386236505046,-1.6929135796815205,-0.6326782335431956
0.5365228605807735,-0.010175825247848935,0.38856614786336596,2.8742589807034533,-1.6919390336012912,-0.6319127916714705
0.5367976302289361,-0.011209449345308837,0.3893466512438215,2.873677955354086,-1.6909647125732625,-0.6311480311338572
0.5370730771219061,-0.012243068150248794,0.3901278112701312,2.8730955508647607,-1.6899906305007375,-0.6303839598411851
0.5373491975378188,-0.013276669927989817,0.39090961967228455,2.872511770511729,-1.689016801245931,-0.6296205857848384
0.5376259877436613,-0.014310242972167646,0.39169206817361,2.8719266175843976,-1.688043238628886,-0.6288579170375852
0.5379034439955346,-0.015343775605398572,0.3924751484913891,2.87134009538503,-1.6870699564267133,-0.6280959617533788
0.5381815625386617,-0.016377256179667808,0.39325885233723,2.870752207228994,-1.6860969683732183,-0.627334728165853
0.5384603396075249,-0.01741067307686491,0.39404317141757006,2.870162956444725,-1.6851242881583322,-0.6265742245874941
0.5387397714263313,-0.01844401470964846,0.394828097434468,2.8695723463729985,-1.6841519294270568,-0.6258144594103721
0.5390198542087274,-0.019477269521530716,0.39561362208572093,2.8689803803678036,-1.6831799057795407,-0.6250554411031786
0.5393005841590717,-0.02051042598857625,0.396399737066389,2.8683870617938796,-1.6822082307688213,-0.6242971782159393
0.5395819574708121,-0.021543472618107573,0.39718643406770826,2.867792394030457,-1.6812369179029074,-0.6235396793703852
0.5398639703287316,-0.02257639795139453,0.3979737047794909,2.8671963804667104,-1.6802659806410802,-0.6227829532694594
0.5401466189076918,-0.02360919056274336,0.39876154088937543,2.866599024504716,-1.6792954323954283,-0.6220270086894701
0.5404298993733399,-0.024641839060597494,0.3995499340838391,2.866000329558202,-1.6783252865294573,-0.6212718544819315
0.5407138078826192,-0.025674332088440145,0.4003388760490436,2.8654002990517125,-1.6773555563569904,-0.620517499574437
0.5409983405835255,-0.026706658324917636,0.40112835847099504,2.864798936421405,-1.6763862551422095,-0.6197639529677558
0.5412834936150546,-0.027738806484169112,0.4019183730358855,2.8641962451154113,-1.6754173960993874,-0.6190112237339177
0.5415692631089728,-0.028770765318005563,0.40270891143207255,2.863592228590327,-1.6744489923899535,-0.6182593210231327
0.5418556451874768,-0.029802523613903526,0.40349996534835797,2.8629868903164666,-1.6734810571256156,-0.6175082540506475
0.5421426359659152,-0.030834070198162387,0.4042915264768414,2.8623802337723117,-1.6725136033640202,-0.6167580321082663
0.5424302315515117,-0.03186539393497696,0.4050835865121527,2.8617722624475053,-1.6715466441103168,-0.6160086645563418
0.542718428044239,-0.03289648372771581,0.4058761371526465,2.8611629798412346,-1.6705801923155439,-0.6152601608262478
0.543007220974292,-0.03392732972223728,0.4066691712334234,2.860552389025238,-1.6696142606717574,-0.6145125313426846
0.5432966086055306,-0.0349579280197849,0.4074626859043118,2.859940489229975,-1.6686488551724201,-0.6137657801839927
0.5435865891268667,-0.03598827262925183,0.4082566765780422,2.859327280766644,-1.6676839832354402,-0.6130199120248558
0.5438771587124402,-0.037018352885929126,0.4090511352074888,2.8587127669539907,-1.666719657349238,-0.6122749364033749
0.5441683135305322,-0.03804815816761908,0.4098460537531521,2.8580969511182435,-1.6657558899454787,-0.6115308629217231
0.544460049745016,-0.03907767789633661,0.41064142418477334,2.8574798365902616,-1.6647926933967827,-0.6107877012516211
0.5447523707683759,-0.040106885792600744,0.41143722367423985,2.856861432535287,-1.6638300828014603,-0.6100454487116326
0.5450452310412719,-0.04113570741987,0.4122333999366221,2.8562417882046374,-1.6628681540724128,-0.6093042085897261
0.5453386610732536,-0.04216421210625999,0.41303000398808054,2.855620855437302,-1.6619068328305846,-0.6085639094890796
0.5456326570105023,-0.043192389454721807,0.4138270278396119,2.8549986375865637,-1.6609461312088658,-0.6078245613360657
0.5459272149949155,-0.04422022911364322,0.4146244635130547,2.8543751380112745,-1.6599860612800579,-0.6070861741197421
0.5462223311643246,-0.04524772077726075,0.41542230304156536,2.8537503600756287,-1.6590266350564127,-0.6063487578914702
0.5465180088363093,-0.04627483836332819,0.4162205236076919,2.85312431310947,-1.658067867389725,-0.6056123099736056
0.5468142022975129,-0.0473015081961647,0.41701907298726937,2.852497046757129,-1.6571098531088246,-0.6048769341455952
0.5471109422417717,-0.04832779949037124,0.4178180023429763,2.8518685123851952,-1.6561525180523202,-0.6041425596324701
0.5474082247934513,-0.04935370212991664,0.41861730375975537,2.8512387133769734,-1.6551958739832064,-0.6034091967256366
0.5477060510156995,-0.05037919505613852,0.4194169590204462,2.8506076573081875,-1.654239934662948,-0.6026768467511187
0.5480043887596517,-0.05140422285217374,0.4202169279969137,2.8499753804137518,-1.6532847691272552,-0.6019455835743484
0.5483032544936477,-0.05242882181670282,0.4210172373673249,2.8493418554939254,-1.652330338804737,-0.6012153702104103
0.5486026439624658,-0.053452981977674084,0.42181787928606496,2.8487070861310673,-1.6513766555764475,-0.6004862178997634
0.54890255702849,-0.0544766886346939,0.42261884102117153,2.848071077118698,-1.6504237301794247,-0.5997581297819649
0.5492029724161309,-0.05549990533316123,0.4234200958620504,2.847433851578663,-1.6494716082957661,-0.5990311553101964
0.549503900227001,-0.056522652466389676,0.4242216584747631,2.8467953925970186,-1.6485202679473054,-0.598305272843854
0.549805334945773,-0.057544916276330904,0.4250235179634092,2.846155706296179,-1.6475697245317242,-0.5975804968295869
0.5501072721780602,-0.058566685990877915,0.4258256656872763,2.845514796900555,-1.6466199903817738,-0.5968568391170038
0.550409707953817,-0.05958795185208865,0.42662809374787836,2.8448726679903844,-1.6456710767250715,-0.5961343106351795
0.550712645319039,-0.06060868816271159,0.42743077927960327,2.844229329431047,-1.644722997886077,-0.5954129086806601
0.5510160382245419,-0.061628823099935844,0.42823367025894377,2.843584831819561,-1.643775846037563,-0.5946927380083834
0.5513199176953449,-0.06264842542822077,0.4290368180269146,2.8429391256125434,-1.642829547704677,-0.5939737293745941
0.5516242797756696,-0.06366748566749848,0.4298402148141598,2.842292214362091,-1.6418841137815967,-0.5932558938638473
0.5519291205175341,-0.06468599441786162,0.4306438528928247,2.841644101603972,-1.6409395550689259,-0.5925392425996389
0.5522344304149636,-0.06570395522367316,0.43144773661959723,2.840994785727331,-1.6399958796520604,-0.5918237979297626
0.552540244746266,-0.0667213955671996,0.432251881799425,2.840344237472293,-1.639053036375322,-0.5911094849085313
0.5528464987425039,-0.0677381942567085,0.4330561976890568,2.83969254086972,-1.6381111663669579,-0.5903964516753065
0.5531532137363562,-0.06875439797033044,0.43386071906559787,2.8390396610322015,-1.637170219961012,-0.5896846520009095
0.5534603856511637,-0.06976999717472482,0.43466543797332347,2.8383856017933558,-1.6362302079721094,-0.5889740975020551
0.5537680104070262,-0.07078498238041314,0.4354703464690617,2.8377303669972096,-1.6352911411536617,-0.5882647998497097
0.5540760839207195,-0.07179934414079937,0.43627543662157264,2.8370739604986643,-1.6343530301985951,-0.5875567707700858
0.5543846021038314,-0.07281307304924423,0.43708070050913017,2.8364163861677905,-1.633415885742664,-0.586850022038073
0.5546935608634449,-0.07382615973832782,0.4378861302192034,2.835757647888705,-1.6324797183644781,-0.5861445654830931
0.555002956102689,-0.07483859487861538,0.4386917178477421,2.8350977495587655,-1.631544538585975,-0.5854404129952177
0.555312783717349,-0.07585036917318648,0.43949745549454455,2.834436695096215,-1.6306103568785213,-0.5847375765145089
0.5556230395964583,-0.0768614733554127,0.4403033352617798,2.83377448843938,-1.6296771836640234,-0.5840360680400519
0.5559337196215917,-0.07787189818470051,0.44110934925073275,2.8331111335487447,-1.6287450293183408,-0.5833358996349581
0.5562448200742534,-0.07888163345545453,0.44191548863661967,2.8324466348237993,-1.627813904393006,-0.5826370825227817
0.5565563346962286,-0.07989066524838595,0.44272174185996027,2.8317809996221244,-1.626883824172575,-0.5819396335990156
0.5568682597396188,-0.08089898263679525,0.4435280994206239,2.8311142328519314,-1.6259547995934434,-0.5812435641876819
0.5571805873929754,-0.08190657138005666,0.4443345496965998,2.8304463426872255,-1.6250268475348943,-0.5805488946478161
0.5574933165490954,-0.08291342934188839,0.44514109017982695,2.829777328326863,-1.6240999708304908,-0.5798556304898101
0.5578064433078911,-0.08391954861436941,0.4459477139150885,2.8291071931507314,-1.6231741785764546,-0.5791637834964605
0.5581199643855417,-0.08492492094986583,0.4467544135226271,2.8284359405527835,-1.6222494794528661,-0.5784733641126044
0.5584338746460031,-0.08592953362476229,0.44756117808922347,2.827763577109398,-1.6213258866571862,-0.5777843869044119
0.5587481680059603,-0.08693337327261555,0.4483679962828244,2.8270901101424495,-1.6204034146404898,-0.5770968685385605
0.5590628391721939,-0.08793643156281412,0.44917486092524417,2.826415543915236,-1.6194820739288076,-0.5764108240309052
0.5593778868103763,-0.08893870797104049,0.4499817708325611,2.8257398769474213,-1.618561866402911,-0.5757262597423782
0.5596933092789187,-0.08994019926452014,0.4507887225445404,2.825063109395205,-1.6176427959032615,-0.5750431827484112
0.5600091025368354,-0.0909408971548058,0.4515957086597515,2.8243852451222744,-1.6167248716608227,-0.574361605457079
0.5603252612785203,-0.09194079657956412,0.4524027247572895,2.8237062866198595,-1.6158081020897008,-0.5736815433028383
0.5606417881293608,-0.09293990436092421,0.45320977527915485,2.823026226870852,-1.6148924807217588,-0.573002994306242
0.5609586801756592,-0.09393821481188745,0.4540168548516377,2.822345067888885,-1.6139780140650728,-0.572325968665775
0.5612759401489975,-0.09493570388127925,0.454823941256574,2.821662820317921,-1.6130647145170116,-0.5716504628285385
0.5615935219238235,-0.09593230563059627,0.45563098435720306,2.8209795359218757,-1.6121526663733037,-0.5709765824154563
0.5619114573048045,-0.09692808757007881,0.4564380359537932,2.8202951628526227,-1.6112417981305245,-0.5703042620379518
0.5622297424639622,-0.09792304228529385,0.4572450892653679,2.8196097045494266,-1.6103321180981258,-0.5696335140778004
0.5625483801085509,-0.09891714594560978,0.45805212218414293,2.8189231717373873,-1.6094236384233989,-0.5689643348180344
0.5628673243005013,-0.09991033303557154,0.45885908455705726,2.818235616397024,-1.6085164424652463,-0.568296829504183
0.5631866049142764,-0.10090267236564616,0.45966602983294313,2.8175469862660716,-1.6076104599757122,-0.5676309379623247
0.5635062328549258,-0.10189415044272243,0.4604729434567272,2.8168572833197705,-1.6067056889992513,-0.5669666381676067
0.5638261514585139,-0.10288469194723197,0.46127976829455264,2.8161665693702522,-1.6058022285873046,-0.566304059497497
0.5641464107617016,-0.1038743801562771,0.4620865672167933,2.8154747763610493,-1.6048999809766846,-0.5656430967579447
0.564466981657183,-0.10486315495913755,0.4628932916816746,2.8147819477132283,-1.6039990099753945,-0.5649838167580509
0.5647878588405453,-0.10585100900869426,0.46369993496781126,2.8140880877741097,-1.6030993248497833,-0.5643262353334144
0.565109049000811,-0.10683792260913667,0.46450647767818465,2.8133932039952962,-1.602200931139515,-0.5636703391152131
0.5654304937566064,-0.1078238378452084,0.46531287748164907,2.8126973494635266,-1.6013039180771522,-0.5630162629729801
0.565752272227614,-0.1088088724796891,0.46611922297545716,2.812000424967015,-1.6004081403523998,-0.5623638377116875
0.5660743190516309,-0.10979292369915399,0.46692543381435225,2.8113025126682087,-1.599513720796617,-0.561713210333825
0.5663966665331257,-0.1107760591381285,0.46773156254279913,2.810603559295813,-1.5986205881933595,-0.5610643166519214
0.5667193175923626,-0.11175825654447719,0.4685375881422862,2.809903575214063,-1.597728753102583,-0.560417151834065
0.5670422266485216,-0.11273945428283652,0.4693434626764803,2.8092026116910573,-1.596838294588787,-0.5597718206656677
0.5673654268198103,-0.11371971805359506,0.4701492370396232,2.8085006160553254,-1.5959491420397973,-0.5591282573203291
0.5676889193473018,-0.11469901136632556,0.47095487798795843,2.807797607968194,-1.595061316044782,-0.5584864588890477
0.5680126412456805,-0.11567725690540874,0.47176032624570974,2.8070936548053567,-1.5941749207035572,-0.5578465692838578
0.5683366523054665,-0.11665455743937712,0.4725656611765823,2.8063886718763156,-1.593289838711005,-0.5572084645729666
0.5686609254516042,-0.11763085690039807,0.4733708365919671,2.8056827010008587,-1.5924061282776383,-0.5565722063137154
0.5689854597399284,-0.11860612635099942,0.4741758259805309,2.8049757585251363,-1.591523807159935,-0.5559377971308017
0.5693102102182825,-0.11958030699366179,0.4749805831108953,2.804267894913815,-1.5906429511349158,-0.5553053402683887
0.5696352026064591,-0.12055348543989236,0.47578517852896596,2.8035590470563903,-1.5897634840957993,-0.5546747916874355
0.569960482027974,-0.12152571501741728,0.47658965106148266,2.8028491646174416,-1.588885332517202,-0.5540460563509348
0.5702859984424968,-0.12249689330405714,0.47739391696172095,2.8021383265027002,-1.5880086028304812,-0.5534192433179675
0.5706117420835106,-0.12346700958589524,0.47819796680369353,2.801426541494845,-1.5871333096519356,-0.5527943790125192
0.5709377175831234,-0.12443607634367145,0.47900180942484294,2.800713798984142,-1.5862594406376676,-0.5521714590517677
0.571263921614201,-0.12540409561950916,0.47980544566886874,2.8000000975931725,-1.5853869969210785,-0.5515504966927002
0.5715903669284796,-0.1263710571859788,0.4806088633445811,2.7992854376611924,-1.5845159724017706,-0.550931464032999
0.571916993834507,-0.12733689216878286,0.4814120088370948,2.798569882202187,-1.5836464612481769,-0.5503144983058486
0.5722438633755087,-0.1283016947825043,0.4822149549234471,2.7978533496140376,-1.582778351510669,-0.5496994731897048
0.5725709308665556,-0.12926540600087807,0.4830176544727265,2.7971358914530216,-1.5819117178221505,-0.5490864915091822
0.5728982344818583,-0.130228065766741,0.48382013591454553,2.796417467763389,-1.5810465013595907,-0.548475472737606
0.5732257208009575,-0.13118958845373702,0.48462232970683816,2.79569815020185,-1.5801828000927807,-0.5478665355303912
0.5735534058718299,-0.13215001781241398,0.48542427063208415,2.794977904603779,-1.5793205727546569,-0.5472596542396397
0.5738813008207959,-0.1331093672032345,0.4862259674825047,2.794256717382353,-1.5784598006381,-0.5466548093974597
0.5742093893974145,-0.13406760535067538,0.487027393379571,2.793534612969655,-1.5776005159184638,-0.5460520394636157
0.5745376679978884,-0.13502471871722266,0.4878285353271572,2.79281160017565,-1.5767427288781934,-0.5454513553577589
0.57486611727836,-0.13598069579387798,0.48862938414724466,2.7920876924229803,-1.575886462542242,-0.5448528072801372
0.57519476749528,-0.13693557915991084,0.4894299719280517,2.79136285068626,-1.5750316639144628,-0.5442563350684386
0.5755235918191137,-0.13788931976741942,0.4902302573178483,2.790637114862884,-1.5741783847810387,-0.5436619991224166
0.5758525892784734,-0.13884191141654223,0.4910302333726646,2.7899104883696086,-1.5733266285939271,-0.5430698053840025
0.5761817437078869,-0.13979334605220747,0.49182989342724626,2.789182981484184,-1.5724764132902522,-0.5424797971582532
0.5765110818677637,-0.1407436579797044,0.4926292628435611,2.788454561559822,-1.571627693989631,-0.5418919212403541
0.5768405720574363,-0.14169280496997438,0.49342830667563087,2.7877252664356607,-1.5707805223770899,-0.541306251516372
0.5771702374808885,-0.14264080599560747,0.494227037214511,2.786995074537995,-1.5699348657631316,-0.5407227398507813
0.5775000310417382,-0.14358761295556202,0.49502541606678574,2.786264033503327,-1.56909079255623,-0.540141496996777
0.5778300077119014,-0.1445332943672672,0.4958234955592127,2.785532078042688,-1.56824821320853,-0.5395624080768141
0.578160111497807,-0.14547775938160698,0.49662120037936774,2.784799286821321,-1.5674072287638274,-0.538985594876185
0.5784903555451062,-0.14642104051673335,0.49741855606716534,2.784065633380419,-1.5665678073808185,-0.5384110380530849
0.5788207428276642,-0.14736314374916407,0.4982155659158116,2.7833311120799924,-1.565729941708667,-0.5378387369428552
0.5791512668655061,-0.14830406020031434,0.49901222116497124,2.7825957304571487,-1.5648936413037484,-0.5372687106602076
0.5794819254096231,-0.14924378794280777,0.49980851870635457,2.781859489992952,-1.5640589079437333,-0.5367009695786926
0.5798127147917524,-0.15018232223241038,0.5006044530874929,2.78112239456218,-1.5632257462561883,-0.5361355268773523
0.5801436311925827,-0.15111965790314716,0.5014000184837635,2.7803844484124935,-1.5623941612110217,-0.5355723959865062
0.5804746706132686,-0.15205578928649174,0.5021952086283847,2.7796456562307172,-1.5615641581899113,-0.5350115906354487
0.5808058288424047,-0.1529907101280819,0.5029900167398438,2.7789060232157783,-1.5607357430601567,-0.534453124896189
0.5811371014246007,-0.15392441352274117,0.503784435465203,2.778165555139204,-1.5599089222360873,-0.5338970132306099
0.5814684836408461,-0.15485689191485397,0.5045784568804292,2.7774242583567528,-1.5590837026923698,-0.5333432705374782
0.5817999705177175,-0.1557881372753538,0.5053720726441364,2.776682139696083,-1.5582600918494984,-0.5327919121618294
0.5821315569263055,-0.1567181417675887,0.5061652745792045,2.7759392059794816,-1.5574380971012733,-0.5322429538634078
0.5824632378961181,-0.15764689978855276,0.5069580564601379,2.775195462547607,-1.5566177243661967,-0.5316964116808036
0.582795010221528,-0.15857441219823226,0.5077504176233951,2.774450909806173,-1.555798974283576,-0.5311522992735943
0.5831268739223456,-0.1595006896907553,0.5085423658455963,2.773705540359949,-1.5549818390559604,-0.530610625418438
0.5834588385329607,-0.16042573776977423,0.5093339032830755,2.772959346588348,-1.554166305812909,-0.5300713726794043
0.5837908785313628,-0.16134952582713458,0.5101250035178699,2.772212358519856,-1.5533524122695401,-0.5295346017300858
0.5841230160262478,-0.16227205924650426,0.5109156672555155,2.7714645639126627,-1.5525401348991457,-0.5290002622747972
0.5844551926323809,-0.1631932607360489,0.5117058295643995,2.7707160371930373,-1.5517295658441441,-0.5284684831363465
0.5847874348843072,-0.16411320957426703,0.5124955567483862,2.769966714806088,-1.5509206352063245,-0.5279392288870045
0.5851197826068475,-0.1650319393919304,0.5132848731086661,2.769216558473856,-1.5501132884083662,-0.5274124135628929
0.5854521703012177,-0.16594936893289033,0.5140737106964857,2.7684656483600256,-1.54930762553695,-0.5268881831068793
0.5857846482685432,-0.166865558169815,0.5148621163863369,2.7677139243279734,-1.5485035681026078,-0.5263664338248358
0.5861171640344658,-0.16778043088725506,0.5156500252290455,2.7669614585245634,-1.547701202011378,-0.5258472790751725
0.5864497376722455,-0.16869401839435266,0.5164374614359093,2.766208221999843,-1.5469004905946842,-0.525330683251195
0.5867823544295456,-0.16960629769648553,0.5172244039319609,2.765454236336467,-1.5461014574329006,-0.5248166810422928
0.587115006278693,-0.17051728545565462,0.5180108665439336,2.764699493428399,-1.5453040977325432,-0.5243053051466876
0.5874477312155322,-0.17142702726804449,0.5187968847759337,2.763943947237377,-1.5445083519407812,-0.5237964791272413
0.5877804912755682,-0.1723354578080104,0.5195824016924651,2.763187657579548,-1.5437142870228122,-0.5232902817665579
0.588113282966126,-0.17324257794403677,0.5203674164848282,2.762430625502027,-1.542921903357042,-0.5227867275591868
0.5884461111372188,-0.17414838322872012,0.5211519227936869,2.7616728524930245,-1.5421311974304375,-0.5222858067148959
0.5887789457694002,-0.1750528492490286,0.521935899448672,2.760914367603036,-1.5413422058451323,-0.5217875932465715
0.5891118161043014,-0.17595603976496033,0.522719399263395,2.760155115426117,-1.540554866122091,-0.5212920417942671
0.58944473712562,-0.17685794139447392,0.5235024070134684,2.7593950995875285,-1.5397691715704298,-0.5207991120265413
0.5897776447380512,-0.17775846429117473,0.5242848454897644,2.758634408409133,-1.538985223738112,-0.5203089399638218
0.590110565807481,-0.17865765068852849,0.5250667483708855,2.7578730024340947,-1.5382029743522871,-0.5198214771679252
0.5904434777126455,-0.17955549829660392,0.5258481135643949,2.757110892713993,-1.5374224409934056,-0.5193367877174315
0.59077642640049,-0.18045207008633274,0.5266289920128702,2.7563480172957173,-1.536643548303952,-0.5188547823597004
0.5911093801562655,-0.1813473076001875,0.5274093317639641,2.755584430250977,-1.5358663531161345,-0.5183755243112143
0.591442325967714,-0.18224120582997622,0.528189127404838,2.754820140846283,-1.5350908665834582,-0.517899050881583
0.5917752851267899,-0.1831337765655106,0.5289683858559482,2.7540551329020806,-1.5343170624980038,-0.5174253152135186
0.5921082074514561,-0.18402497734260764,0.5297470708462335,2.7532894571056614,-1.5335450031709832,-0.5169544367333643
0.5924411517231296,-0.1849148830038989,0.5305252432920904,2.752523037561607,-1.5327745965172426,-0.5164862978272025
0.5927740715341243,-0.18580341610869952,0.5313028349167261,2.751755948520623,-1.5320059213731452,-0.5160209909092245
0.59310696465417,-0.18669057780210052,0.5320798448686253,2.7509881909320266,-1.5312389764323335,-0.5155585269114105
0.5934398290746166,-0.18757636986842927,0.5328562728573074,2.7502197652104434,-1.5304737598341618,-0.515098916513207
0.5937726579302836,-0.18846081250175367,0.533632135641821,2.7494506604603637,-1.529710263249829,-0.5146421928883288
0.5941054946805444,-0.1893439344630855,0.5344074539934804,2.7486808393709676,-1.5289484333426975,-0.5141882575263484
0.5944382620409638,-0.19022564182040178,0.535182146547214,2.7479104014953557,-1.5281883821237956,-0.5137372766378187
0.5947710044146799,-0.1911060234355204,0.5359562884758988,2.7471392658272795,-1.527430021736468,-0.5132891797280537
0.5951037330645743,-0.19198507518214422,0.5367298732480554,2.746367431590895,-1.5266733431260928,-0.5128439388308819
0.5954364054000649,-0.19286274452767282,0.5375028542417803,2.745594954956786,-1.5259184070291625,-0.512401646854856
0.5957690481326865,-0.19373904626323404,0.5382752409040825,2.7448218154876525,-1.5251651814017952,-0.5119622430332195
0.5961016027454682,-0.19461392874990585,0.5390469883242788,2.7440480756008245,-1.5244137387173593,-0.5115258635359142
0.5964341292331472,-0.19548748214228093,0.5398181721367818,2.7432736463183884,-1.523663978557065,-0.5110923973960845
0.5967666001324479,-0.19635966659741136,0.5405887559831857,2.742498568905951,-1.5229159422355607,-0.5106619025444954
0.5970990180193878,-0.19723048555195072,0.5413587407367817,2.741722840913703,-1.5221696231503978,-0.510234378115744
0.5974313728396803,-0.198099926556734,0.5421281136540506,2.7409464767407847,-1.5214250334399608,-0.5098098489896994
0.5977636631805852,-0.19896798694918774,0.542896870296282,2.7401694801572227,-1.5206821729596458,-0.5093883216640672
0.5980958785228268,-0.19983466103915945,0.5436650040369149,2.7393918609251355,-1.5199410503186896,-0.5089698258952838
0.5984280273511273,-0.20069996194648684,0.5444325241647763,2.7386136071556093,-1.5192016488229496,-0.5085543499168623
0.5987601001339864,-0.20156387161035202,0.5451994127030186,2.7378347374735035,-1.518463983132711,-0.5081419135503302
0.5990920853236803,-0.20242637734251534,0.5459656566376632,2.737055267475486,-1.517728066387353,-0.5077325450642197
0.5994239834359094,-0.2032874833584638,0.5467312576028744,2.736275195298097,-1.5169938929366775,-0.5073262492380808
0.5997557911757809,-0.20414718137597485,0.5474962060615867,2.735494530016,-1.5162614669953094,-0.5069230339091338
0.6000874936791107,-0.20500546362648714,0.548260493587674,2.7347132851465696,-1.5155308013417852,-0.5065229391356663
0.6004191024339449,-0.2058623667820934,0.5490241507965008,2.7339314299690707,-1.5148018638357947,-0.5061259590075211
0.6007506368482223,-0.20671789521131978,0.5497871784522594,2.7331489546785863,-1.514074634272588,-0.505732046188229
0.6010820428052766,-0.2075720052687432,0.5505495375102798,2.732365916079775,-1.5133491752353707,-0.5053413278368364
0.6014133795287839,-0.20842477023695663,0.5513112895308028,2.7315822358689346,-1.5126253979688937,-0.5049536885725898
0.6017446059094276,-0.2092761094638144,0.552072360857359,2.7307979937624185,-1.511903375427563,-0.5045691958943334
0.6020756924643362,-0.21012600915267046,0.5528327381428728,2.7300132143246953,-1.5111831344665303,-0.5041879263668121
0.6024066762436373,-0.21097453845515896,0.55359248048907,2.729227831304749,-1.5104646056635653,-0.5038098241873565
0.602737561482614,-0.21182168422437245,0.5543515734998825,2.7284418546180795,-1.5097477900452398,-0.5034348727061396
0.6030683090756344,-0.21266740539040457,0.5551099792991423,2.727655333741998,-1.509032736645913,-0.5030631579301637
0.6033989463985696,-0.2135117257914798,0.5558677161360701,2.7268682409184066,-1.5083194085140625,-0.5026946219555941
0.603729432060812,-0.21435460022984093,0.5566247423074291,2.7260806301191933,-1.5076078584089057,-0.5023293538787464
0.604059787015621,-0.21519607273188607,0.5573810948815798,2.7252924607126414,-1.5068980430909675,-0.5019673272124447
0.6043900166155995,-0.2160361405905033,0.5581367688934877,2.7245037344972642,-1.506189956821507,-0.5016085282150996
0.6047200926518057,-0.21687478241978025,0.5588917437142746,2.723714481861992,-1.505483629115799,-0.5012530246393067
0.6050500434180575,-0.21771202402449244,0.559646039504579,2.722924673005858,-1.504779021423366,-0.5009007573864487
0.6053798248377125,-0.21854783737401112,0.5603996301323764,2.7221343503022335,-1.5040761785328718,-0.500551834186949
0.6057094912779877,-0.2193822865627579,0.5611525699098219,2.721343442992481,-1.5033750216687052,-0.5002061493197806
0.6060390013619683,-0.2202152991430868,0.5619047917477726,2.7205520271652905,-1.5026756178502207,-0.4998637716640168
0.6063683338832271,-0.2210468801020574,0.5626562987118271,2.719760110161614,-1.5019779765001353,-0.4995247671120348
0.6066975358221196,-0.22187708451992494,0.5634071373075036,2.7189676311149693,-1.501282029473366,-0.49918904480673115
0.607026567031153,-0.2227058614638775,0.564157259950675,2.718174649244405,-1.5005878307261085,-0.498856684527208
0.6073554402187762,-0.2235332197378403,0.564906671935441,2.7173811545948996,-1.4998953626397735,-0.498527659007392
0.6076841297435216,-0.22435912384136705,0.5656553391566479,2.7165871885622144,-1.4992046598075925,-0.4982020171583892
0.6080126299726238,-0.2251835932965582,0.5664032773644032,2.7157927406291527,-1.4985157120311154,-0.49787979131482585
0.6083409705049401,-0.2260066688637421,0.5671505207355465,2.714997768274156,-1.4978284719730328,-0.49756092992895323
0.6086691306712377,-0.2268283287386903,0.5678970475466658,2.714202300030762,-1.4971429629903943,-0.4972454778577714
0.608997121403017,-0.22764856412877557,0.5686428470007852,2.713406340779763,-1.4964591783831946,-0.4969333994360297
0.6093248893980889,-0.22846734561457196,0.5693878912054464,2.7126099394535,-1.4957771689492132,-0.49662482593477353
0.6096525043596448,-0.22928475734985976,0.5701322532860116,2.7118130013853388,-1.4950968349946516,-0.4963196251006925
0.6099799165739754,-0.23010073981156764,0.5708758774559675,2.7110155981554924,-1.4944182410359375,-0.49601789507061766
0.6103071469318664,-0.2309153086550788,0.5716187751853021,2.710217710889668,-1.493741359880187,-0.4957195901400294
0.61063415915156,-0.23172842740743105,0.5723609113714243,2.709419387366843,-1.493066233535258,-0.4954247870155577
0.6109609725153171,-0.2325401261599523,0.5731023108475881,2.7086205978084044,-1.4923928280801404,-0.4951334557208252
0.6112875757388081,-0.23335039184049375,0.5738429594000802,2.7078213604938157,-1.4917211548469878,-0.4948456196562737
0.611613964433916,-0.23415922680004678,0.5745828568560976,2.70702167830534,-1.4910512118234978,-0.4945612946053814
0.6119401397596076,-0.23496664257255115,0.5753220114009294,2.7062215442495234,-1.4903829880706323,-0.49428048789556284
0.6122661042515167,-0.2357726469978313,0.5760604277967234,2.7054209537072866,-1.4897164736976336,-0.49400320004152215
0.612591852537137,-0.23657723700218164,0.5767981008846712,2.7046199144198346,-1.4890516702918768,-0.49372944532169594
0.6129173815278519,-0.23738041233202123,0.577535028050816,2.703818430885649,-1.4883885762669191,-0.49345923366528865
0.6132426874299628,-0.23818216918437582,0.5782712033977515,2.703016510881245,-1.487727192420158,-0.4931925739737039
0.6135677660252137,-0.23898248624483193,0.5790066048052376,2.702214176914176,-1.4870675292834357,-0.4929294614532856
0.6138925843061136,-0.2397813387525189,0.5797412073598478,2.7014114671205474,-1.4864096191702871,-0.49266997068318547
0.614217166609969,-0.2405787735597892,0.5804750515168395,2.700608335414089,-1.4857534157172831,-0.4924140717758672
0.6145415126675022,-0.2413747994365551,0.5812081429190916,2.6998047777955247,-1.4850989103417893,-0.4921617738270417
0.6148656275141668,-0.24216940713863888,0.581940470458802,2.6990008029284756,-1.48444610054292,-0.4919130551500561
0.6151894749166984,-0.24296256705551192,0.5826720046150153,2.6981964547265878,-1.4837950231698351,-0.4916679949990289
0.6155130807789355,-0.24375431649329546,0.5834027771251371,2.6973916940577647,-1.4831456361072441,-0.49142655141254077
0.6158364301189199,-0.24454463798854137,0.5841327694340457,2.6965865454798843,-1.4824979549286919,-0.49118875272869544
0.6161595198556031,-0.24533353275623046,0.5848619801464117,2.6957810127894817,-1.4818519768962595,-0.49095460907225763
0.6164823469081346,-0.2461210020610458,0.5855904079039731,2.6949750997766255,-1.4812076992171477,-0.4907241305478094
0.6168049076883437,-0.2469070496731238,0.5863180536684249,2.694168808376071,-1.4805651180631179,-0.49049733091249087
0.6171272052980177,-0.24769167409857767,0.5870449134710518,2.6933621420280316,-1.4799242278962594,-0.4902741997910464
0.6174492166162464,-0.24847487131400178,0.5877709811078236,2.692555118024388,-1.4792850422138215,-0.49005480021702175
0.6177709779185592,-0.24925666315479544,0.5884962741384303,2.6917477053301746,-1.478647520522036,-0.4898390469215757
0.6180924305686002,-0.2500369882426331,0.5892207331204806,2.690939985971135,-1.4780117309657028,-0.4896270528328205
0.6184136000173219,-0.250815897841406,0.5899444029734013,2.6901319088278317,-1.4773776244228094,-0.48941879071908806
0.6187344879913588,-0.25159341678727964,0.590667304191046,2.689323455610574,-1.4767451820081836,-0.4892142783468242
0.6190551150465495,-0.2523695621828972,0.5913894501316586,2.6885146060600933,-1.4761143765199178,-0.4890134720706915
0.6193754555214324,-0.25314427580149684,0.5921107840572692,2.687705425300635,-1.4754852520291168,-0.48881639111029923
0.6196954712824589,-0.25391752428929226,0.5928312721753586,2.6868959631988534,-1.4748578472303764,-0.48862311317584894
0.6200151790664918,-0.25468936500332134,0.5935509651946964,2.6860861669524994,-1.4742321156243492,-0.48843364299891256
0.6203346140499058,-0.25545981913343196,0.5942698803745312,2.6852760062704135,-1.4736080182035831,-0.4882478980746427
0.6206537187260963,-0.25622883681272857,0.5949879683533541,2.684465554222152,-1.472985615064244,-0.4880659962069446
0.6209725334929108,-0.25699646224292316,0.5957052678655501,2.683654758306884,-1.4723648514201086,-0.48788786170241283
0.6212910241668421,-0.2577626554735306,0.5964217387950017,2.682843672784829,-1.471745766527572,-0.4877135535661546
0.6216091953189413,-0.25852742485751246,0.5971373862461935,2.6820322925630022,-1.4711283482823414,-0.48754306500761174
0.6219270371878185,-0.2592907625740084,0.597852200119511,2.6812206331943456,-1.470512602567348,-0.48737641484524197
0.6222445429742853,-0.26005269191535224,0.5985661993177227,2.6804086817455945,-1.4698985165710294,-0.48721364410971674
0.6225617490114264,-0.2608132387277878,0.5992794056744231,2.6795964031696022,-1.4692860483371013,-0.4870546715119284
0.6228786059154383,-0.2615723431416614,0.5999917600400402,2.678783876909859,-1.4686752571300674,-0.4868995785536865
0.6231951169896117,-0.2623300396758056,0.6007032918745185,2.677971075607065,-1.4680661174973357,-0.4867483881841188
0.6235113115179267,-0.2630863545416581,0.6014140233464194,2.6771579670406016,-1.4674585919260594,-0.48660104003502186
0.6238271548752548,-0.26384124648926893,0.6021239126997207,2.676344607972855,-1.4668527199104926,-0.4864575905077455
0.624142648813045,-0.2645947245185691,0.6028329655820084,2.6755309942190766,-1.4662484906775461,-0.4863180412185281
0.6244577900104633,-0.26534678748499435,0.6035411780854942,2.674717132933286,-1.4656459021092152,-0.48618239804054786
0.6247725716516062,-0.2660974306324503,0.6042485428451045,2.6739030361693934,-1.4650449561947725,-0.48605067307522315
0.6250869887657533,-0.266846652693822,0.6049550557644912,2.6730887121081928,-1.4644456518385247,-0.48592287648602983
0.6254010319638708,-0.2675944819929561,0.6056607402824756,2.6722741445908498,-1.463847974800864,-0.48579906239668286
0.6257147477609215,-0.26834095703429367,0.6063656306517942,2.671459282071505,-1.4632518704615378,-0.4856791338741885
0.6260280854349305,-0.2690860141652527,0.6070696634569686,2.670644209878055,-1.4626573997612484,-0.4855631680323868
0.626341046679237,-0.26982966766807087,0.6077728492413894,2.669828919299015,-1.462064548983564,-0.48545117185501546
0.6266536341567797,-0.27057192847796174,0.6084751954640959,2.6690134041145877,-1.4614733056203388,-0.4853431460920254
0.6269658449710009,-0.2713127964077984,0.6091766990467238,2.668197670724507,-1.460883666567622,-0.48523909568089774
0.6272776727671441,-0.2720522646568015,0.6098773506126065,2.6673817332025656,-1.4602956343640223,-0.4851390282335164
0.627589108695537,-0.2727903265459088,0.6105771407947858,2.6665656068055927,-1.459709212957486,-0.4850429584435848
0.627900149011575,-0.2735269795706645,0.6112760642514852,2.6657493006995887,-1.4591244008748907,-0.4849508904833354
0.6282107812267683,-0.2742622406174509,0.611974133498582,2.6649328106168113,-1.458541191532686,-0.48486287519095517
0.6285210425192855,-0.274996129717333,0.6126713656036111,2.664116105733004,-1.4579595464761652,-0.48477882310568826
0.628830871811481,-0.27572861030433576,0.6133677214422697,2.6632992536189986,-1.4573795172064,-0.4846988666406982
0.6291403263230149,-0.27645974024384157,0.6140632542347308,2.662482179293352,-1.4568010329288394,-0.4846229005365535
0.6294493608331697,-0.2771894713755429,0.6147579144308994,2.66166495360247,-1.4562241415840138,-0.484550997723493
0.6297579863880349,-0.27791781476203614,0.6154517098573438,2.66084756646064,-1.4556488253684292,-0.4844831341383584
0.6300661853018581,-0.2786447458568158,0.6161446139191096,2.660030054346996,-1.4550751027789481,-0.4844193283656161
0.63037394260826,-0.27937027812290655,0.6168366356662975,2.659212417621722,-1.4545029701794894,-0.48435963399165366
0.6306812922197729,-0.28009444366895214,0.6175278035663005,2.6583946157619187,-1.4539323848825525,-0.48430398486283466
0.6309881997765023,-0.28081720875065036,0.6182180816563574,2.657576702044779,-1.4533633800599348,-0.48425243658721945
0.6312946707340705,-0.2815385985062114,0.6189074907329539,2.6567586561465597,-1.452795933624485,-0.48420499726530053
0.6316007159731147,-0.28225861863093754,0.6195960336373938,2.655940473031463,-1.4522300307796527,-0.4841616370349497
0.6319063078476543,-0.28297725838050763,0.6202836961062421,2.6551221817415636,-1.4516656881339334,-0.48412241795448846
0.6322114712576594,-0.2836945438695633,0.6209705007593964,2.654303751427462,-1.4511028717200471,-0.48408729352822927
0.6325161807483068,-0.2844104547707414,0.6216564243856264,2.6534852191292106,-1.4505416018942563,-0.484056307909979
0.6328204445279741,-0.2851250001226684,0.6223414728408838,2.652666578110668,-1.4499818635973716,-0.48402944253749675
0.6331242463822542,-0.2858381660013315,0.6230256292653151,2.6518478551704576,-1.4494236682315809,-0.48400672179363746
0.6334275843221775,-0.2865499597535015,0.6237088974099825,2.6510290502777547,-1.448867007489034,-0.483988154174682
0.6337304588192239,-0.2872603821738237,0.6243912750005172,2.6502101683579538,-1.4483118751583064,-0.48397373320404763
0.634032858313264,-0.28796941592817527,0.6250727421123976,2.649391237458663,-1.4477582816332293,-0.4839634648590794
0.6343347642935457,-0.2886770767413191,0.6257533094346854,2.648572258009848,-1.4472062234082332,-0.48395741479112037
0.6346362185839411,-0.2893833984398108,0.6264330079028491,2.6477531832311922,-1.4466556529466543,-0.4839554977955377
0.634937177530214,-0.29008832959257985,0.6271117837844606,2.646934089620964,-1.4461066170837533,-0.4839577697799852
0.6352376382343423,-0.2907918907187589,0.6277896530531502,2.6461149654091494,-1.4455591007356219,-0.4839642571967725
0.635537619265004,-0.2914940989689987,0.6284666297692447,2.645295791172781,-1.4450130785797892,-0.4839749211769393
0.6358370943472571,-0.2921949446897823,0.6291427002392695,2.6444765954759233,-1.444468564883271,-0.4839898180913043
0.6361360842436738,-0.2928944545936847,0.6298178876707898,2.6436573486004664,-1.4439255279855667,-0.48400891486621733
0.6364345738418264,-0.29359260869307596,0.6304921692813421,2.6428380834757994,-1.4433839814013383,-0.4840322227846518
0.6367325516894002,-0.2942893970474256,0.6311655318905736,2.642018821777007,-1.4428439311107042,-0.48405975467963447
0.6370300082913158,-0.2949848422140071,0.631837992939194,2.6411995530870436,-1.4423053644269572,-0.4840915585410354
0.6373269765792746,-0.29567896833253443,0.6325095740800419,2.6403802437880324,-1.4417682444765716,-0.4841275638922843
0.6376234167610249,-0.2963717350563172,0.6331802316988369,2.639560959342744,-1.4412326091138494,-0.48416782536125474
0.6379193358414659,-0.2970631405395908,0.6338499613358692,2.638741704544449,-1.44069844968857,-0.48421231266543147
0.6382147024739684,-0.2977531849350997,0.6345187578290008,2.6379225019392387,-1.4401657773205787,-0.4842611068165805
0.638509559509358,-0.29844189626079404,0.6351866472308418,2.637103309065604,-1.4396345477824144,-0.4843141141331976
0.6388038525863813,-0.2991292420827562,0.6358535920979489,2.636284191974713,-1.4391048021140886,-0.48437143858623677
0.6390976186885617,-0.2998152789725563,0.636519644988057,2.6354650833660394,-1.438576483914094,-0.4844330404637253
0.6393908541181497,-0.3004999832100289,0.6371847801680768,2.634646014801085,-1.4380496021548388,-0.4844988913846105
0.6396835224946944,-0.3011833239441174,0.6378489627679844,2.633827042000431,-1.4375241870486763,-0.48456904513671256
0.6399756333667193,-0.30186531772534564,0.6385122057842629,2.633008150799082,-1.4370002185725772,-0.4846434874213488
0.6402671744545678,-0.3025459786692918,0.6391745183158863,2.6321893406900387,-1.4364776896141476,-0.4847222624880049
0.6405581699768477,-0.30322533272891355,0.6398359233682496,2.6313705804382175,-1.4359565673542916,-0.48480532778253893
0.6408485977790197,-0.303903360270774,0.6404963975470976,2.6305519077240893,-1.435436868142245,-0.4848927108282485
0.6411384599376286,-0.3045800455930751,0.6411559229835202,2.629733343884159,-1.4349185934034845,-0.48498437569848646
0.6414277175991723,-0.30525537758306426,0.6418144828450347,2.6289149274440784,-1.434401763396512,-0.48508040677874004
0.6417164069259322,-0.3059293997765979,0.6424721176757426,2.628096603536724,-1.4338863295914923,-0.48518075165135865
0.6420045076875414,-0.3066020935056667,0.6431288049944679,2.627278408349754,-1.4333723065715276,-0.48528543236072325
0.6422920149780644,-0.30727347246034087,0.6437845539692328,2.626460338091212,-1.4328596833388,-0.48539447143626413
0.6425789405067741,-0.30794354264237406,0.6444393679309304,2.62564238771676,-1.4323484445257941,-0.4855078348116653
0.6428652592238615,-0.3086122802204505,0.6450932190291216,2.6248246014465475,-1.431838609828287,-0.4856255499050243
0.6431509675115636,-0.3092797007982011,0.6457461182893298,2.6240069730307707,-1.431330166441411,-0.4857476378902003
0.6434360756185953,-0.30994582001627047,0.6463980779890193,2.6231894886812777,-1.4308230944899387,-0.4858740817502324
0.6437205719948591,-0.3106106296752635,0.6470490860723546,2.622372170063339,-1.4303173981441046,-0.486004892157552
0.644004452482231,-0.31127412202501914,0.6476991315303291,2.6215550345461565,-1.42981307755087,-0.4861400595614394
0.6442877009195511,-0.31193628420325664,0.6483481974304484,2.620738111229421,-1.4293101416363918,-0.48627960005902615
0.6445703131417564,-0.3125971223034847,0.6489962857304037,2.619921403855775,-1.4288085829112476,-0.4864235226137355
0.6448522862631516,-0.3132566596499334,0.6496434147171564,2.619104898144344,-1.4283083838143862,-0.4865718567977724
0.6451336405787798,-0.3139148988533272,0.6502895853787534,2.618288587926334,-1.427809526614388,-0.486724539845716
0.6454143304937476,-0.3145718269399049,0.650934777798243,2.617472518737176,-1.4273120346875667,-0.4868816675763389
0.6456944006132939,-0.3152274661588886,0.6515790137907005,2.6166566513486376,-1.4268158676139804,-0.48704313824239953
0.6459737909424104,-0.31588178854829074,0.6522222578253012,2.6158410545889303,-1.4263210638472608,-0.48720906500062117
0.6462525472298943,-0.31653484372884455,0.6528645576612031,2.6150256607860705,-1.4258275675187007,-0.48737938221647525
0.6465306433109359,-0.3171866044017833,0.6535058816308701,2.61421051964195,-1.4253354000497904,-0.48755411126471926
0.646808076562714,-0.31783704929904194,0.6541462060307106,2.613395662003607,-1.4248445680559139,-0.4877332172999774
0.6470848095432298,-0.31848617448316985,0.6547855198871941,2.612581120619784,-1.4243550853803588,-0.4879167840101496
0.6473608793533576,-0.3191340272237107,0.6554238680183277,2.611766834661999,-1.4238669018139762,-0.48810476697731114
0.6476362704083525,-0.319780592383623,0.6560612311385636,2.61095283605854,-1.4233800267893029,-0.4882971748776477
0.6479109746866971,-0.3204258685667983,0.6566976036396843,2.61013913864259,-1.4228944585090877,-0.4884940153537575
0.6481849876456618,-0.3210698635450279,0.657332988889797,2.609325744973477,-1.4224101884405616,-0.4886952998272221
0.648458310790395,-0.3217125824927752,0.6579673884570449,2.608512656864168,-1.4219272066081703,-0.4889010197391026
0.6487309338644751,-0.3223540183924823,0.6586007911629386,2.607699895292962,-1.4214455152920868,-0.4891111801356631
0.6490028497151985,-0.32299417196582436,0.6592331934212972,2.606887471636767,-1.42096511100267,-0.4893257887716318
0.6492740571671312,-0.32363303273830596,0.6598645817561724,2.6060754054669935,-1.4204859936239351,-0.48954482083514794
0.6495445317480062,-0.32427058702128664,0.6604949370438296,2.6052637330592106,-1.4200081756210328,-0.48976830823287143
0.6498142785698118,-0.3249068545401808,0.6611242748801454,2.6044524394729676,-1.419531637194713,-0.4899962533406176
0.6500832966877721,-0.3255418499801289,0.6617526054519556,2.6036415183294848,-1.4190563641397822,-0.4902286674474704
0.6503515897289702,-0.32617557944803094,0.662379931410805,2.6028309694435343,-1.4185823449056558,-0.49046553723991054
0.6506191438159301,-0.3268080459486925,0.663006250461522,2.602020805913993,-1.418109577659999,-0.4907068908491414
0.6508859709278845,-0.32743923851399875,0.6636315501759187,2.601211040472665,-1.4176380565320696,-0.49095266750847694
0.6511520262692425,-0.3280691363972931,0.6642558022046452,2.600401728998095,-1.4171678068206934,-0.491202939994733
0.6514173362086813,-0.3286977708843753,0.6648790355510648,2.5995928321286095,-1.4166987926410517,-0.49145767275735064
0.6516818813700227,-0.32932514725960527,0.6655012493113741,2.5987843640122246,-1.41623101320202,-0.4917169108942908
0.6519456825126069,-0.32995127072370767,0.6661224473611869,2.597976315484985,-1.4157644497566966,-0.4919805950596514
0.6522087009926278,-0.33057612160425587,0.6667426029192653,2.5971687381448154,-1.4152991239363653,-0.4922487820920251
0.6524709558306316,-0.3311997162844625,0.6673617301736714,2.5963616122248565,-1.4148350115553747,-0.49252143393633585
0.6527324232962588,-0.33182204584179636,0.6679798142125004,2.595554969552331,-1.4143721214948697,-0.49279858441164026
0.6529931131074123,-0.33244311738396526,0.6685968593664886,2.5947488055158634,-1.4139104388934398,-0.49308020547799886
0.6532530038388695,-0.33306293053837954,0.6692128589875566,2.5939431417813523,-1.4134499667296552,-0.49336633746696773
0.653512111093439,-0.3336814956240102,0.6698278211946378,2.5931379668425856,-1.4129906857891126,-0.4936569423659335
0.6537704115666969,-0.33429878710165983,0.6704417153952633,2.5923333301023894,-1.4125326139052305,-0.4939520261486697
0.6540278926894039,-0.33491482661697397,0.6710545566818995,2.591529225015528,-1.4120757376942328,-0.49425163953244583
0.6542845803768995,-0.33552963751830567,0.6716663668109732,2.5907256200761064,-1.4116200262197922,-0.4945557388759688
0.6545404516331748,-0.33614319159798944,0.6722771126575879,2.589922567536452,-1.4111654985843458,-0.49486432447815026
0.6547954925630903,-0.3367554912638522,0.6728867910176142,2.5891200820145803,-1.4107121526944526,-0.4951774204172243
0.6550497097751427,-0.33736654906885877,0.6734954109629201,2.5883181550163856,-1.4102599719865143,-0.4954950150775738
0.6553030934030484,-0.33797636154272764,0.6741029642904035,2.5875168049801385,-1.4098089559227203,-0.4958171131838453
0.65555564002167,-0.3385849190698782,0.6747094378886387,2.5867160530397504,-1.4093591047023353,-0.49614369353281007
0.6558073288569162,-0.3391922208987205,0.6753148245573981,2.5859159215782648,-1.4089104207700707,-0.49647479149631346
0.6560581709495241,-0.33979829195902295,0.6759191456100102,2.5851163862247533,-1.4084628786877555,-0.496810403959545
0.6563081647933768,-0.34040312252365557,0.6765223880925948,2.584317467118477,-1.4080164779057416,-0.4971505046371468
0.6565572887020066,-0.34100669651156235,0.6771245302199955,2.58351920370345,-1.4075712298292506,-0.49749510637017613
0.6568055393929271,-0.3416090236960771,0.6777255770540362,2.5827215965994132,-1.4071271235375344,-0.4978442172924647
0.6570529149805133,-0.34221012491941677,0.6783255442465728,2.5819246336705333,-1.4066841412226923,-0.4981978598415142
0.6572994269562678,-0.34280999451325816,0.6789244245180823,2.581128322791003,-1.4062422747043206,-0.49855598218163344
0.6575450391175974,-0.34340862547380113,0.6795222023944154,2.580332702990708,-1.405801535980416,-0.49891864558888344
0.6577897767889618,-0.3440060367872238,0.6801188957616997,2.5795377471180028,-1.405361897222038,-0.4992858040394794
0.6580336137767873,-0.3446022057346117,0.6807144758128549,2.5787435049813956,-1.4049233752519148,-0.4996574689765158
0.6582765459036057,-0.3451971374941202,0.6813089431327191,2.5779499827559964,-1.4044859620446806,-0.5000336431023488
0.6585185685585682,-0.3457908420982465,0.6819023027904674,2.5771571816498215,-1.4040496469530777,-0.500414337977627
0.6587596849831052,-0.3463833121523113,0.6824945447013495,2.576365116691664,-1.4036144261884134,-0.5007995185581283
0.6589998689674661,-0.34697454156894986,0.6830856555242404,2.5755738202147045,-1.4031803068861985,-0.5011892212704254
0.6592391318943469,-0.3475645522470669,0.6836756538714726,2.5747832705110385,-1.4027472652129045,-0.5015834389252237
0.659477465506983,-0.3481533586006236,0.6842645483391441,2.573993466335954,-1.4023152893619626,-0.5019821987999726
0.6597148835003721,-0.3487409424982562,0.6848523204341808,2.573204427654106,-1.4018843776798524,-0.5023854242488521
0.6599513384580464,-0.34932726797453867,0.685438925405665,2.57241623306284,-1.4014545626323662,-0.5027931511699223
0.6601868364760324,-0.34991236777333035,0.6860243912082389,2.5716288524640842,-1.4010258161794702,-0.5032054023842233
0.6604213883891634,-0.3504962499036533,0.6866087234087566,2.570842279396132,-1.4005981227499154,-0.5036221501746024
0.6606549751465476,-0.35107890476455245,0.6871919063352872,2.570056545834089,-1.4001714884690035,-0.5040434067370335
0.6608875961219494,-0.3516603393386644,0.6877739427724534,2.569271653850654,-1.3997459027695,-0.5044691689496715
0.6611192445304588,-0.35224055682097194,0.6883548309681871,2.5684876136257206,-1.399321359622588,-0.5048994415708016
0.6613499170616617,-0.35281956433315687,0.6889345734050076,2.5677044287921285,-1.398897849384193,-0.5053342279277274
0.6615796116644481,-0.3533973547182485,0.6895131594109718,2.5669221177479193,-1.3984753702362445,-0.505773505041182
0.6618083100720042,-0.35397392183066717,0.6900905765851091,2.5661407084865386,-1.398053925871655,-0.5062172876658158
0.6620360144982307,-0.35454926767867156,0.690666823524869,2.565360206685099,-1.397633507534637,-0.5066655580332864
0.6622627091539246,-0.3551233992769974,0.6912419005138011,2.564580624399487,-1.3972141102561715,-0.5071183466447612
0.6624884063838885,-0.3556963172307481,0.6918158065486324,2.5638019621073527,-1.3967957223464524,-0.5075756112283701
0.6627130780915951,-0.3562680157262843,0.6923885278164281,2.5630242541579893,-1.3963783508410708,-0.5080373877141637
0.6629367374612625,-0.3568385064766625,0.6929600738636399,2.5622474882511175,-1.3959619772680179,-0.5085036506377429
0.6631593660234651,-0.3574077882202008,0.6935304367274653,2.5614716874070673,-1.3955466023832883,-0.508974422026789
0.6633809714633414,-0.35797585601488524,0.6940996094814103,2.560696861252041,-1.3951322195429772,-0.5094496609507804
0.6636015254537555,-0.3585427116196607,0.6946675852447521,2.5599230362171794,-1.394718831256453,-0.5099294150650008
0.663821050104616,-0.35910835188036083,0.6952343612878567,2.559150210255808,-1.3943064246476344,-0.5104136156534139
0.6640395038704603,-0.35967276200157977,0.6957999129087717,2.5583784371558176,-1.3938950166824615,-0.5109023098555137
0.6642569052676257,-0.36023596435702554,0.6963642606197249,2.557607689082851,-1.3934845807655085,-0.5113954796810417
0.6644732397681974,-0.36079796168788025,0.6969274007973016,2.556837982214012,-1.3930751137294988,-0.511893144188579
0.6646885139115275,-0.3613587481024769,0.697489325497167,2.5560693279640394,-1.3926666100146707,-0.5123952636971101
0.6649027004418744,-0.3619183258561076,0.6980500283430207,2.555301751819968,-1.3922590712118639,-0.5129018824427581
0.665115817333092,-0.362476711714278,0.6986095246011859,2.5545352322070234,-1.3918524742949088,-0.5134129756564869
0.6653278500029867,-0.3630338718641895,0.6991677765130166,2.5537698260102126,-1.3914468377965081,-0.5139284999874604
0.6655387714330994,-0.3635897942707408,0.6997247643452651,2.5530055746937768,-1.3910421716491972,-0.5144484734900904
0.6657485828693832,-0.36414451937201003,0.7002805224173332,2.5522424418738865,-1.3906384445920887,-0.5149729458466776
0.6659573059833597,-0.3646980540451724,0.7008350575399556,2.551480414165262,-1.3902356382919197,-0.5155018693271632
0.6661649127360572,-0.3652503687456964,0.7013883334385982,2.550719553285175,-1.3898337734220807,-0.5160352337449756
0.6663713925965773,-0.36580147521430156,0.7019403555175887,2.549959862878646,-1.3894328398913824,-0.5165730637983181
0.6665767550728976,-0.36635136997022777,0.7024911187418827,2.5492013495388006,-1.3890328298573527,-0.5171153186810035
0.6667809735774903,-0.3669000497462049,0.7030406115221308,2.5484440449247607,-1.3886337476911585,-0.5176620287606403
0.6669840597896322,-0.3674475258368294,0.7035888430159165,2.547687937551571,-1.3882355759658318,-0.5182131745888364
0.6671859998333862,-0.3679937821511002,0.7041357920742213,2.5469330645449153,-1.3878383224253912,-0.5187687393326892
0.6673867799966979,-0.36853882926838893,0.7046814623853779,2.5461794331198893,-1.387441978667743,-0.5193287513589587
0.6675864097319839,-0.36908268064956445,0.7052258647446528,2.5454270307825504,-1.387046526737384,-0.5198932000157847
0.667784879249468,-0.3696253233576307,0.7057689817173545,2.5446758882733373,-1.3866519711013086,-0.5204620657932154
0.6679821734567186,-0.37016676648949853,0.7063108153274755,2.543926015427321,-1.3862583046456074,-0.5210353769575043
0.6681783044342304,-0.37070700117148336,0.7068513561627872,2.543177422829929,-1.38586552212773,-0.5216130799795569
0.6683732408521248,-0.3712460109969541,0.7073905793654012,2.542430160709717,-1.3854736372850696,-0.5221951884184839
0.6685669864436856,-0.37178381343507677,0.7079284983969325,2.5416842160320225,-1.3850826316660867,-0.5227817098036072
0.668759539590503,-0.37232040825637613,0.7084651092401963,2.54093959946461,-1.384692499353083,-0.5233726310460554
0.6689508895359788,-0.3728557913892581,0.7090004025110419,2.540196332614868,-1.3843032397719834,-0.5239679488454875
0.6691410314493673,-0.3733899611147892,0.7095343721856993,2.5394544301616975,-1.383914848984413,-0.5245676532163311
0.6693299556559666,-0.3739229218816858,0.7100670170032033,2.53871390333785,-1.3835273208499612,-0.5251717535316681
0.6695176627960397,-0.3744546766579733,0.710598336396814,2.5379747575002107,-1.3831406467901641,-0.525780238466994
0.6697041427136474,-0.37498522111264837,0.7111283208663894,2.5372370141371343,-1.3827548261968803,-0.526393102823178
0.6698893914662878,-0.3755145404558945,0.7116569524703307,2.5365007020582224,-1.3823698629199317,-0.5270103120258611
0.6700733873798073,-0.3760426430779625,0.712184231165113,2.535765836900789,-1.3819857522234473,-0.5276319023964642
0.6702561449354265,-0.3765695418905383,0.7127101684617392,2.5350324024583792,-1.3816024750185645,-0.528257856911635
0.6704376486416108,-0.37709523241380866,0.7132347536406467,2.5343004243428022,-1.3812200324918624,-0.5288881787594547
0.6706179002064725,-0.37761969624218483,0.7137579666172371,2.5335699312678455,-1.3808384290236881,-0.5295228175213699
0.6707968707129228,-0.37814293578518915,0.7142798002749746,2.5328409511344554,-1.3804576657968906,-0.5301618098177089
0.6709745757062371,-0.378664969459297,0.7148002715231501,2.532113460447223,-1.3800777200349204,-0.5308051479392253
0.6711510023840153,-0.37918580066540125,0.7153193774933113,2.5313874738810545,-1.3796985871716785,-0.5314528440392122
0.671326156444013,-0.3797054081090015,0.7158370963335572,2.5306630203682663,-1.379320272254879,-0.5321048366230168
0.6715000066898829,-0.38022377010982134,0.7163533981136476,2.5299401571331295,-1.3789427921419042,-0.5327611214067245
0.6716725501906167,-0.3807409151667844,0.7168683052555771,2.5292188629067613,-1.378566123560437,-0.5334217387384035
0.6718437999626996,-0.3812568448809408,0.7173818186910905,2.5284991349103874,-1.3781902550862535,-0.5340866569480907
0.6720137323208157,-0.38177156690775854,0.7178939371781468,2.5277809912345344,-1.3778151828356322,-0.5347559117261317
0.6721823652304235,-0.38228506752563035,0.7184046485918021,2.5270644427091074,-1.37744090352171,-0.5354294373060585
0.6723496618284162,-0.3827973335960142,0.7189139296470826,2.5263495413556982,-1.3770674303779817,-0.5361072508684294
0.6725156321296288,-0.38330838221389596,0.7194217950332433,2.5256362687686718,-1.3766947432487473,-0.5367893541074255
0.6726802703098209,-0.38381819995378585,0.7199282278666428,2.5249246535641148,-1.3763228460614705,-0.53747571742798
0.6728435614260939,-0.3843267780797096,0.7204332136331715,2.5242147260429935,-1.3759517426004397,-0.5381663324769617
0.673005497435375,-0.38483414376116226,0.7209367724501567,2.5235064699758882,-1.3755814118209095,-0.5388612458213174
0.673166096865311,-0.3853402786165153,0.7214388882087408,2.5227999007638555,-1.3752118534830537,-0.5395603848652851
0.6733253202740768,-0.3858451705400859,0.7219395379481401,2.5220950716069805,-1.3748430809366694,-0.5402637684899129
0.6734831796465088,-0.3863488402105942,0.722438740201496,2.5213919580429827,-1.3744750711863267,-0.5409714042724451
0.6736396705100485,-0.3868512729541173,0.7229364773168743,2.5206905890066316,-1.3741078286922466,-0.5416832583739207
0.6737947753763542,-0.3873524676362102,0.7234327412585193,2.5199909880579545,-1.3737413532185179,-0.5423993385718322
0.6739484950371644,-0.3878524427837409,0.7239275461530328,2.519293141729553,-1.3733756264772727,-0.5431196646000009
0.6741008327158289,-0.38835118672981744,0.7244208788774982,2.518597069354809,-1.3730106487713256,-0.5438441984216608
0.6742517706035613,-0.3888486714509855,0.7249127065861356,2.5179028257717,-1.3726464372327545,-0.544572898396127
0.6744012927147995,-0.3893449028615694,0.7254030280847199,2.517210425282953,-1.3722829867123087,-0.5453057820343529
0.6745494040992783,-0.38983989514436296,0.7258918545107154,2.5165198558904955,-1.371920280475223,-0.5460428564033765
0.6746961001071932,-0.3903336464112021,0.7263791800526382,2.5158311317876354,-1.3715583149983108,-0.5467841112736473
0.6748413721623479,-0.39082616096105105,0.7268650037140101,2.5151442631066967,-1.371197083930379,-0.5475295525374115
0.6749852198150323,-0.391317438524868,0.7273493221514196,2.5144592587207937,-1.3708365814765326,-0.5482791683368508
0.6751276351077364,-0.3918074635813774,0.7278321163206489,2.51377615117238,-1.3704768139697685,-0.5490329271997975
0.6752686037801747,-0.39229623626880233,0.728313380142489,2.5130949599460375,-1.370117779479173,-0.5497908333584278
0.6754081268712606,-0.39278375919426545,0.7287931133114025,2.51241568929382,-1.3697594699820146,-0.550552878797497
0.6755461951489807,-0.3932700323143455,0.7292713107510149,2.5117383547914747,-1.3694018821964298,-0.551319061879312
0.6756828079189128,-0.3937550418317025,0.7297479567424472,2.5110629810525924,-1.3690450193486225,-0.5520893462524249
0.6758179486016003,-0.394238775870523,0.7302230336925506,2.5103896033947555,-1.3686888881201555,-0.5528637152184883
0.6759516110614698,-0.39472124560560173,0.7306965475739391,2.5097182218125167,-1.3683334770713276,-0.5536421843469215
0.6760837972102336,-0.3952024531340358,0.731168497913341,2.5090488401981843,-1.3679787783469388,-0.5544247446817371
0.6762144977365274,-0.3956823947863119,0.7316388763630726,2.508381478304086,-1.3676247911639872,-0.5552113874726936
0.6763437065312772,-0.3961610786505832,0.7321076861074975,2.507716139510191,-1.367271506071534,-0.5560021231003653
0.6764714233305389,-0.39663850677263984,0.7325749261746641,2.507052829346236,-1.3669189158861075,-0.5567969455609203
0.6765976440619164,-0.3971146528246662,0.7330405687471004,2.5063915895790148,-1.3665670333338222,-0.5575957986289237
0.6767223484008151,-0.3975895020781132,0.7335045928397976,2.5057324619723267,-1.3662158683009218,-0.5583986613260641
0.6768455283176311,-0.3980630859444035,0.733967022587696,2.5050754241351836,-1.365865396494679,-0.5592055896448678
0.6769671994922613,-0.39853540488803313,0.7344278594174631,2.5044204699382133,-1.3655156072152115,-0.5600165624158503
0.6770873439404439,-0.3990064424117084,0.7348870813126389,2.5037676411789485,-1.3651665108701578,-0.5608315530292526
0.6772059575998841,-0.39947618655359307,0.7353446737279281,2.5031169627215712,-1.364818110884866,-0.5616505322129868
0.6773230249559448,-0.3999446517082737,0.7358006434984237,2.5024684381444673,-1.3644703964168474,-0.5624735295327912
0.6774385573738018,-0.4004118330883141,0.736254986350076,2.5018220707770564,-1.36412336163428,-0.5633005189996095
0.6775525383136602,-0.4008777101812353,0.7367076770212728,2.501177905952284,-1.363777019428217,-0.564131463498116
0.6776649573242848,-0.40134229194762167,0.7371587186322852,2.500535949265094,-1.3634313611710192,-0.5649663781558435
0.6777758175007866,-0.40180558235216696,0.7376081130039527,2.499896200580353,-1.363086377632817,-0.565805260307209
0.6778851126767971,-0.4022675664934064,0.7380558425476202,2.4992586897744395,-1.362742075036851,-0.5666480765362765
0.6779928283163077,-0.4027282548663473,0.7385019108402293,2.4986234239842466,-1.362398444912741,-0.5674948473352606
0.6780989748377655,-0.4031876286950113,0.738946300815448,2.4979904233620993,-1.3620554913597807,-0.5683455227311801
0.6782035264329251,-0.40364568714529536,0.7393890030340766,2.497359718048969,-1.3617132169488027,-0.569200106225468
0.6783064882144578,-0.4041024507718129,0.7398300350344313,2.496731286266507,-1.3613716006373306,-0.5700586282384316
0.6784078629833936,-0.40455789936293174,0.7402693766926896,2.496105156201201,-1.361030649820914,-0.5709210409799292
0.6785076314267053,-0.4050120224625296,0.7407070114276921,2.4954813637094935,-1.360690371821725,-0.5717873247420506
0.67860579055148,-0.405464831489222,0.7411429465545414,2.494859904603078,-1.360350754226452,-0.5726574963085411
0.6787023420512566,-0.40591631601913314,0.7415771706825507,2.49424079633486,-1.3600117982116473,-0.5735315279802213
0.6787972709994201,-0.40636647759026334,0.7420096792644921,2.4936240567011505,-1.3596735016768753,-0.5744094212638315
0.678890582588914,-0.40681530039174313,0.742440456932921,2.4930097063625802,-1.3593358685697279,-0.5752911369552478
0.6789822565396815,-0.4072627898621858,0.7428695014144742,2.492397763176833,-1.3589988957722434,-0.5761766849528436
0.6790723011865669,-0.4077089430670219,0.7432968098715467,2.491788229635021,-1.358662577462748,-0.5770660518097552
0.6791607007360696,-0.40815376726912495,0.7437223828153217,2.491181117384534,-1.35832690793112,-0.5779592498004392
0.6792474639995234,-0.4085972451671295,0.7441462045437945,2.4905764453557473,-1.3579918912101316,-0.5788562376305888
0.679332568796529,-0.4090393796116587,0.7445682700308747,2.48997423608136,-1.3576575266522477,-0.5797570186433469
0.6794160245726304,-0.40948015946673877,0.7449885693963809,2.48937450046747,-1.357323813900861,-0.58066156465641
0.679497811662285,-0.4099195905534635,0.745407100965541,2.488777255238819,-1.3569907495511522,-0.5815698838601829
0.6795779385692988,-0.4103576657922245,0.7458238583642305,2.4881825071372483,-1.35665833072657,-0.5824819575402274
0.6796563927760721,-0.4107943677104535,0.7462388206333812,2.4875902941718735,-1.3563265683119001,-0.5833977451809272
0.6797331632104369,-0.41122971258973745,0.7466519977624642,2.4870006127830164,-1.3559954490369073,-0.5843172755918993
0.6798082590169456,-0.4116636884743142,0.7470633792187904,2.486413474687602,-1.355664973336121,-0.5852405216135795
0.6798816651985389,-0.4120962798922142,0.7474729453287732,2.485828917706156,-1.3553351516500531,-0.5861674453068949
0.6799533712647423,-0.4125275134166736,0.7478807155859983,2.4852469252681417,-1.3550059632327558,-0.5870980970988495
0.680023391170665,-0.41295737315429515,0.7482866771899812,2.484667509103205,-1.354677409856449,-0.5880324446712679
0.6800917067469179,-0.41338583936419526,0.7486908059042419,2.484090714987176,-1.3543495061783228,-0.588970438976543
0.6801583132625475,-0.4138129090260002,0.7490930959887221,2.483516556333766,-1.3540222508286923,-0.5899120693736026
0.680223201733301,-0.4142386006689401,0.7494935601152606,2.4829450245533264,-1.3536956283180441,-0.5908573699822289
0.6802863808986821,-0.414662901200494,0.7498921868568678,2.4823761324662414,-1.3533696401837072,-0.5918063150999008
0.6803478366941706,-0.4150857956006024,0.7502889573917071,2.481809916358156,-1.3530442967252594,-0.5927588647467898
0.6804075644921048,-0.41550728065148707,0.7506838659399264,2.481246389541057,-1.3527195968073569,-0.5937150081532984
0.6804655596921019,-0.41592735308696355,0.7510769067136183,2.480685565297712,-1.3523955393532048,-0.5946747345213076
0.6805218177210435,-0.4163460095921522,0.7514680739167776,2.480127456881696,-1.3520721233451167,-0.5956380330234011
0.6805763340337867,-0.416763246804116,0.7518573617462749,2.4795720775155687,-1.3517493478241434,-0.5966048928050166
0.6806291041124264,-0.41717906131066007,0.7522447643908077,2.479019440392726,-1.351427211891559,-0.5975753029807426
0.6806801234676696,-0.4175934496518243,0.7526302760328085,2.478469558673898,-1.3511057147076235,-0.5985492526391591
0.680729387639019,-0.4180064083198798,0.753013890848699,2.47792244548664,-1.3507848554918551,-0.5995267308429114
0.6807768921940816,-0.4184179337581938,0.7533956030079088,2.477378113927069,-1.3504646335244637,-0.6005077266251712
0.6808226327304601,-0.4188280223634299,0.7537754066755369,2.476836577055012,-1.3501450481443884,-0.6014922289966668
0.6808666048748266,-0.4192366704841325,0.7541532960110557,2.476297847896316,-1.3498260987510156,-0.6024802269412243
0.6809088042830966,-0.41964387442072115,0.7545292651685553,2.4757619394423673,-1.3495077848044597,-0.6034717094157808
0.6809492266424506,-0.42004963042790383,0.7549033082996162,2.475228864644885,-1.349190105823395,-0.6044666653580157
0.6809878676694074,-0.4204539347119717,0.7552754195506024,2.4746986364207753,-1.3488730613880815,-0.6054650836777805
0.6810247231110775,-0.42085678343221933,0.755645593064445,2.474171267648881,-1.3485566511392035,-0.6064669532615812
0.6810597887462762,-0.4212581727022162,0.7560138229822577,2.473646771167069,-1.3482408747768606,-0.6074722629765192
0.6810930603844554,-0.4216580985882254,0.7563801034418449,2.4731251597748884,-1.3479257320624545,-0.6084810016652641
0.6811245338666758,-0.4220565571102953,0.7567444285791107,2.472606446231017,-1.3476112228178665,-0.6094931581494148
0.6811542050656079,-0.4224535442420886,0.7571067925280968,2.4720906432531824,-1.347297346925914,-0.6105087212288787
0.6811820698866526,-0.4228490559122104,0.7574671894226341,2.471577763515196,-1.3469841043292852,-0.6115276796859266
0.6812081242664418,-0.42324308800205385,0.7578256133942243,2.4710678196507265,-1.3466714950330163,-0.6125500222783268
0.6812323641751754,-0.42363563634875867,0.7581820585754473,2.470560824247201,-1.346359519101768,-0.613575737748484
0.6812547856157032,-0.42402669674385074,0.7585365190986937,2.4700567898480714,-1.3460481766614987,-0.6146048148190182
0.681275389628015,-0.42441624345600315,0.758888971187687,2.469555750317647,-1.345737482583457,-0.6156371972320929
0.6812941609097094,-0.42480428491137007,0.7592394175344506,2.4690577141143364,-1.3454274319492279,-0.6166728826048373
0.6813111022171778,-0.4251908257594213,0.7595878619427086,2.468562675796125,-1.3451180154479045,-0.6177118951314748
0.6813262096889732,-0.4255758616146548,0.7599342985521398,2.4680706477157304,-1.344809233448908,-0.6187542234704679
0.6813394865302072,-0.4259593586375016,0.7602786970748316,2.467581671311271,-1.344501106622044,-0.6197997946074532
0.6813509138005247,-0.4263413303884811,0.7606210640164282,2.467095752368292,-1.3441936278785604,-0.6208486080671946
0.681360496249261,-0.42672178404784833,0.7609614060238927,2.4666128797814295,-1.3438867849811011,-0.6219007025067488
0.6813682353780517,-0.42710069363614556,0.7612996995093688,2.466133086849936,-1.3435805933570373,-0.6229560215724844
0.6813741178553014,-0.42747806330777105,0.7616359440865517,2.4656563850584483,-1.3432750511495342,-0.6240145511668631
0.6813781435351443,-0.42785389958881825,0.7619701446998519,2.465182768897715,-1.3429701486910954,-0.6250763186124696
0.68138031538937,-0.4282281781767135,0.7623022797362506,2.464712267853303,-1.3426658996563592,-0.6261412757760627
0.6813806192786904,-0.42860090814138363,0.7626323530767816,2.464244888043034,-1.3423622988329549,-0.6272094177056631
0.6813790625752905,-0.42897207117865194,0.7629603495706241,2.463780646608266,-1.3420593531461344,-0.6282807259625386
0.6813756367928492,-0.4293416551276936,0.7632862557535871,2.463319570133816,-1.3417570722446746,-0.6293551501633363
0.6813703357272467,-0.4297096679375354,0.7636100765357545,2.462861657468456,-1.341455448321375,-0.6304327042572667
0.6813631578442187,-0.43007611431724097,0.7639318150827852,2.4624069062591016,-1.3411544737995844,-0.6315134096691275
0.6813541055684071,-0.4304409736481394,0.7642514531619362,2.4619553415857776,-1.340854160053036,-0.6325972271837911
0.6813431663555218,-0.43080425669217737,0.7645689967439591,2.4615069655036765,-1.3405545001774002,-0.633684157336388
0.681330347360491,-0.43116594412757664,0.7648844299293369,2.461061796023283,-1.3402555020963873,-0.6347741828117608
0.6813156380445133,-0.43152603532175704,0.7651977491989959,2.460619847336172,-1.3399571676170123,-0.6358672749015282
0.6812990406739563,-0.4318845181180263,0.7655089439074039,2.4601811337333035,-1.3396595013964299,-0.6369634196554269
0.6812805481344304,-0.43224139197089295,0.7658180114949409,2.459745665374313,-1.3393625035310077,-0.6380626005694792
0.6812601571502301,-0.43259666171243405,0.7661249550294555,2.459313441038615,-1.3390661672931978,-0.6391648357154868
0.6812378727035928,-0.4329503005017255,0.7664297516963074,2.4588844903680607,-1.3387705084712058,-0.6402700766999254
0.6812136852041251,-0.4333023052403327,0.7667323962777264,2.4584588296495693,-1.3384755312648706,-0.6413782836274144
0.6811875879260003,-0.43365269490036135,0.7670329035486478,2.458036443301397,-1.3381812187831856,-0.6424895062431871
0.6811595897237228,-0.43400144167297783,0.7673312508252406,2.457617357357572,-1.3378875853754666,-0.6436037136366138
0.6811296778112239,-0.434348551349022,0.7676274400825389,2.457201580392689,-1.3375946297760863,-0.6447208770210834
0.6810978544926125,-0.4346940178789862,0.7679214662802889,2.4567891179675425,-1.3373023513097844,-0.6458410086558021
0.6810641194428482,-0.43503782279567693,0.7682133130284612,2.4563799949762526,-1.3370107623846372,-0.6469640596693521
0.6810284667039621,-0.4353799642627156,0.7685029772817593,2.4559742216049063,-1.3367198644915066,-0.6480900076865743
0.6809908899782307,-0.4357204561769096,0.7687904696180237,2.4555717876984056,-1.3364296448443846,-0.6492188897276756
0.6809513978074189,-0.43605926776737264,0.769075764935276,2.45517272295997,-1.3361401209081787,-0.6503506659446656
0.6809099770723068,-0.43639640960998527,0.7693588696088907,2.45477703026668,-1.3358512883958282,-0.6514853120919473
0.6808666301218156,-0.4367318769296952,0.7696397798624695,2.4543847126600067,-1.3355631451720973,-0.6526228525949659
0.680821358745539,-0.43706564669178244,0.7699184760736468,2.45399579820852,-1.3352757071058916,-0.6537632299825421
0.680774149371731,-0.4373977420993827,0.7701949755675677,2.453610273527754,-1.3349889585977506,-0.6549064659176259
0.6807250112537071,-0.43772813890861695,0.7704692591647309,2.453228158000157,-1.3347029101260446,-0.6560525605365669
0.6806739413660372,-0.4380568188513688,0.7707413106193846,2.452849479914172,-1.3344175778728469,-0.6572014319066959
0.6806209344510492,-0.43838378407823897,0.7710111308713858,2.4524742430035515,-1.3341329600356509,-0.658353071293513
0.6805659895181972,-0.43870903138078143,0.7712787170483111,2.452102452140564,-1.3338490559788945,-0.6595074855874584
0.6805091059566708,-0.4390325513361869,0.7715440610714186,2.451734120129001,-1.3335658711198466,-0.660664654220633
0.6804502786473212,-0.43935434746526403,0.7718071651701397,2.451369248393259,-1.3332834022048157,-0.6618245765617055
0.6803895049881334,-0.43967442140554164,0.772068030375284,2.451007836985097,-1.3330016449534752,-0.6629872724731106
0.6803267905604153,-0.43999274560139745,0.7723266343087003,2.4506499145021143,-1.332720617291233,-0.6641526926352125
0.6802621267182087,-0.4403093273813678,0.7725829820465329,2.4502954825008523,-1.3324403165753709,-0.665320810425039
0.6801955121037468,-0.44062416719184705,0.7728370738687542,2.449944540403981,-1.3321607382098177,-0.6664916570477784
0.6801269495668589,-0.4409372458557614,0.7730888942010621,2.449597109053817,-1.3318818945341195,-0.6676651971574312
0.680056434049578,-0.441248563909245,0.7733384430538353,2.4492531939984574,-1.3316037864427308,-0.6688414051084202
0.6799839672178263,-0.44155810860243105,0.7735857101701398,2.448912808628442,-1.331326420690504,-0.6700202692828235
0.6799095441888099,-0.4418658825471628,0.7738306974024498,2.4485759551165986,-1.3310497957384033,-0.6712017783458464
0.6798331675356013,-0.44217187039696637,0.7740733925027765,2.448242648930846,-1.3307739201494917,-0.6723859178264587
0.6797548365665165,-0.4424760617631746,0.7743137871650823,2.4479129045027355,-1.330498802611786,-0.6735726432000956
0.6796745439222973,-0.442778469384026,0.7745518914715772,2.447586713108361,-1.3302244332190742,-0.6747619743998988
0.6795922944972745,-0.44307907264053026,0.7747876890773604,2.4472640933418845,-1.3299508228976997,-0.6759539052570352
0.6795080861990455,-0.44337786528796164,0.7750211751899974,2.446945056308238,-1.3296779785474666,-0.6771483867246237
0.6794219116042526,-0.4436748611571089,0.7752523608130866,2.446629591234428,-1.3294058885999367,-0.6783454511036079
0.6793337752608881,-0.4439700398588157,0.7754812297861116,2.4463177163965506,-1.3291345637980572,-0.6795450956649106
0.6792436795688563,-0.4442633830574629,0.7757077680366185,2.446009453415168,-1.3288640201578865,-0.6807472460057454
0.6791516152208898,-0.4445549090744733,0.7759319903738486,2.4457047888550227,-1.328594245122843,-0.6819519176241814
0.6790575891428583,-0.444844590768898,0.7761538753332031,2.4454037462221576,-1.32832525357393,-0.6831591071353664
0.6789615983336139,-0.4451324273059715,0.7763734230229966,2.4451063312162606,-1.3280570499081972,-0.684368760559771
0.6788636436119018,-0.4454184088189211,0.776590625971719,2.4448125535854452,-1.3277896395346518,-0.6855808721312642
0.6787637220381968,-0.44570253609845223,0.776805485345935,2.4445224146859985,-1.327523022111167,-0.6867954324890815
0.6786618283950956,-0.44598481627166764,0.7770180069692918,2.4442359086837726,-1.3272571902392603,-0.6880124724520581
0.6785579686674832,-0.4462652235772034,0.7772281708016906,2.4439530592582335,-1.3269921603895594,-0.689231966120267
0.6784521387596572,-0.4465437630330773,0.7774359819011365,2.443673865285764,-1.326727932194521,-0.6904538765160301
0.678344337255878,-0.4468204302324281,0.7776414369787572,2.44339833077432,-1.3264645060495948,-0.69167822291112
0.6782345696138554,-0.4470952021576477,0.7778445186744523,2.4431264777092987,-1.326201898815757,-0.6929049584894643
0.6781228336173828,-0.4473680801313051,0.7780452293603641,2.4428583072501433,-1.325940112446163,-0.6941340449397946
0.6780091214950659,-0.447639077892008,0.778243580085745,2.442593807099527,-1.3256791344045027,-0.6953655306635964
0.677893445022121,-0.44790815260134553,0.7784395374850241,2.4423330154038516,-1.3254189931891356,-0.6965993719451458
0.6777757948080927,-0.4481753301757909,0.7786331241519431,2.4420759119356603,-1.3251596761562052,-0.6978355316288488
0.6776561784718202,-0.44844057698548057,0.7788243133244812,2.441822525397507,-1.3249012021508977,-0.699074019620244
0.677534586870363,-0.44870391766928114,0.7790131263592341,2.4415728356481057,-1.324643557737464,-0.7003148171652656
0.6774110205946027,-0.44896533664912586,0.7791995504251168,2.441326855476338,-1.3243867482150373,-0.7015579704072831
0.6772854821964116,-0.44922482270179304,0.7793835782716894,2.4410845958035776,-1.3241307839972087,-0.7028034311765028
0.6771579790981916,-0.4494823513985682,0.7795651923720479,2.4408460788171253,-1.323875684874331,-0.7040511342623857
0.6770285031594305,-0.44973794445412374,0.7797444116576564,2.4406112855799904,-1.3236214378031361,-0.7053010773671903
0.6768970564290089,-0.4499915820630076,0.7799212202216208,2.440380232874998,-1.3233680522131102,-0.7065532910026106
0.6767636434878432,-0.4502432510302839,0.7800956099325842,2.4401529325520066,-1.3231155411417292,-0.7078077115268103
0.6766282567150745,-0.4504929686726579,0.7802675957710368,2.439929368920447,-1.32286389268502,-0.7090643557737146
0.6764909010953515,-0.4507407078520649,0.7804371564532087,2.4397095654773495,-1.3226131229786493,-0.7103232291098379
0.6763515804835878,-0.450986461436558,0.7806042892796099,2.439493528077853,-1.3223632420602862,-0.7115842606758832
0.6762102868322768,-0.45123024606656587,0.7807690084294836,2.4392812412546,-1.3221142374183048,-0.7128474806470714
0.676067023240726,-0.4514720387745763,0.7809312958302344,2.43907272484131,-1.3218661221262271,-0.714112903789818
0.6759217913431637,-0.4517118372877706,0.7810911523567561,2.438867979857925,-1.321618901556719,-0.7153804815938537
0.6757745940370916,-0.4519496282679144,0.7812485690039255,2.4386670171405345,-1.3213725857287781,-0.7166501940050819
0.6756254330518416,-0.45218540651624045,0.7814035439157401,2.438469839931998,-1.3211271805831415,-0.7179220093767489
0.6754743030082642,-0.4524191809770448,0.7815560853602195,2.4382764391733516,-1.3208826792510204,-0.7191959478470364
0.6753212045185504,-0.4526509375283383,0.7817061826736498,2.438086826659675,-1.3206390896862827,-0.7204720239972016
0.6751661426252267,-0.45288066283785355,0.7818538279079918,2.437901012463016,-1.3203964242767736,-0.7217501900182214
0.6750091211551403,-0.45310834804964495,0.7819990167624669,2.4377190023640907,-1.320154692251883,-0.7230304034822829
0.6748501377511613,-0.45333399739705066,0.7821417544977773,2.437540790763812,-1.3199138915273119,-0.7243126624032319
0.6746891950878244,-0.4535575948472414,0.782282029665426,2.4373663905014213,-1.3196740329830465,-0.7255969624421993
0.6745262874636384,-0.4537791558485342,0.7824198566010829,2.4371957857336977,-1.3194351068820782,-0.7268833096770941
0.6743614164233152,-0.4539986596035783,0.7825552190406349,2.4370289943232475,-1.3191971253550194,-0.7281717238634315
0.6741945881317601,-0.4542160954860369,0.782688112106662,2.4368660225429286,-1.3189601003220928,-0.7294621449566879
0.6740258077523889,-0.4544314522937645,0.7828185299630812,2.4367068773179748,-1.318724042857941,-0.7307545294414889
0.673855069922837,-0.45464474389294296,0.7829464856765358,2.4365515437853498,-1.3184889439735608,-0.7320488876194916
0.673682371554142,-0.4548559606290139,0.7830719715386625,2.43640003000957,-1.3182548073325813,-0.7333452604455389
0.6735077144854329,-0.45506509495661357,0.7831949838279897,2.436252340190072,-1.3180216397686286,-0.7346436306433638
0.6733311072485559,-0.45527212498499947,0.78331550828615,2.436108490503935,-1.3177894599877267,-0.7359439468687381
0.6731525570159445,-0.45547704405695183,0.7834335441419253,2.4359684818954555,-1.3175582782542847,-0.7372461413411342
0.67297205176805,-0.4556798799975003,0.7835491147678377,2.4358322873062663,-1.3173280737765956,-0.7385502621107092
0.6727896023353925,-0.455880579027462,0.7836621775336914,2.435699954413469,-1.3170988824013565,-0.739856305284945
0.6726052055420477,-0.4560791797099694,0.7837727691993144,2.4355714414073626,-1.3168706844954792,-0.7411642129815027
0.6724188650848824,-0.45627564109249663,0.7838808561984143,2.43544678558819,-1.3166435047057734,-0.7424740219653079
0.6722305828289454,-0.4564699802103429,0.783986457492245,2.435325964974645,-1.3164173374013923,-0.7437856735764807
0.6720403626614675,-0.45666217157997935,0.7840895538452535,2.4352090006943645,-1.316192199786303,-0.7450991727401738
0.6718481928377122,-0.45685225281621245,0.7841901778518579,2.4350958549769652,-1.3159680663444135,-0.746414545420089
0.6716540811952432,-0.4570401678525997,0.7842882838858207,2.434986579136203,-1.3157449730585877,-0.7477318138251081
0.6714580321033181,-0.45722594223210555,0.7843838996731094,2.434881140648391,-1.315522911135189,-0.7490508880868189
0.6712600471326211,-0.4574095501754247,0.7844770049569281,2.434779561841073,-1.3153018968160224,-0.7503717917512597
0.6710601335952795,-0.45759098801852205,0.7845676018769003,2.4346818391378573,-1.3150819382944239,-0.751694464254611
0.6708582917834836,-0.4577702552353912,0.7846556927978297,2.4345879687676097,-1.3148630376270285,-0.7530188989454206
0.6706545183415451,-0.4579473526334993,0.7847412799619846,2.434497947210583,-1.3146451939716723,-0.7543451159073633
0.6704488125990062,-0.45812227176537124,0.7848243582118122,2.4344117794268176,-1.3144284132296318,-0.7556731273621995
0.6702411829758623,-0.4582949935020733,0.7849049160576334,2.4343294772628266,-1.314212712578021,-0.7570028912673871
0.6700316367154033,-0.45846551543089575,0.7849829567971236,2.434251035280459,-1.3139980992299816,-0.7583343516861121
0.6698201653064069,-0.4586338547941911,0.7850584958164046,2.434176434749715,-1.3137845603616425,-0.7596675441127654
0.6696067699681345,-0.4587999829931286,0.7851315104193581,2.4341057008911777,-1.3135721143609977,-0.761002495551043
0.6693914650240025,-0.4589638864764608,0.7852019964103061,2.4340388363442558,-1.3133607786212846,-0.7623391155985146
0.6691742513376067,-0.4591255770668896,0.7852699677253239,2.4339758232415085,-1.313150548591763,-0.7636773796421892
0.6689551217672132,-0.45928505356912386,0.7853354235878793,2.4339166615811125,-1.312941422715,-0.7650173381133182
0.6687340795946422,-0.4594422980369687,0.7853983518358238,2.4338613639913635,-1.3127334147843528,-0.7663589881778617
0.6685111306779632,-0.45959730830562284,0.7854587555741759,2.433809924814937,-1.3125265309593213,-0.7677022887534106
0.6682862736828001,-0.4597500857537337,0.7855166385403747,2.433762338188536,-1.312320771503442,-0.7690472450162564
0.6680595177082891,-0.45990060299831526,0.785571982163078,2.433718623672316,-1.3121161588320158,-0.7703938272067172
0.6678308671956654,-0.4600488740727054,0.7856248037374156,2.4336787586359114,-1.3119126888346746,-0.7717419868707879
0.6676003165641498,-0.4601948943559014,0.7856751000980946,2.4336427456601855,-1.311710363106066,-0.7730917661972423
0.6673678694580514,-0.46033864908692246,0.7857228622180403,2.4336105933896013,-1.3115091940024095,-0.7744431572894426
0.6671335225484252,-0.46048015273594284,0.7857681050718064,2.433582282566459,-1.3113091731741129,-0.7757961632816579
0.6668972920893124,-0.4606193512574795,0.7858107885928205,2.4335578574424095,-1.3111103426098156,-0.777150740787502
0.6666591831095681,-0.4607562887222277,0.7858509574701533,2.433537262123001,-1.3109126803821,-0.7785068074755298
0.6664191852284946,-0.460890942771997,0.7858885909382494,2.4335205206844495,-1.3107161965800211,-0.7798644551890316
0.6661773014007673,-0.46102331176433026,0.785923691676401,2.4335076276426157,-1.3105208955484402,-0.7812236664682655
0.6659335360364769,-0.4611533836512331,0.7859562534868263,2.4334985879297304,-1.3103267885941394,-0.7825844267714502
0.6656878958030141,-0.4612811531346729,0.7859862770620345,2.4334933978635203,-1.3101338840265295,-0.7839467009682287
0.6654403854458111,-0.461406614626953,0.7860137621685879,2.433492055032102,-1.3099421893941918,-0.785310466993983
0.6651910087259698,-0.46152976324468853,0.7860387088764287,2.433494556720318,-1.3097517113525887,-0.7866757086088232
0.664939760534244,-0.46165060888594506,0.7860611275384151,2.4335008889258765,-1.3095624434313675,-0.7880424473119109
0.6646866450531079,-0.46176912228451134,0.7860809964314819,2.433511075126914,-1.309374407507468,-0.7894106891730102
0.6644316699319841,-0.461885313502888,0.7860983304812268,2.433525094020039,-1.3091876029010046,-0.7907803801425993
0.664174842929905,-0.4619991584290249,0.7861131138572817,2.4335429613825252,-1.309002050003439,-0.792151501315452
0.6639161685791093,-0.4621106722604103,0.7861253650339926,2.4335646518439913,-1.3088177434276091,-0.7935240140737412
0.663655641784969,-0.4622198462771513,0.7861350776804006,2.433590171385462,-1.308634688317678,-0.7948979588257302
0.6633932666233582,-0.4623266694135032,0.7861422465060417,2.4336195234316045,-1.3084528954430623,-0.7962733252792848
0.6631290413490798,-0.4624311518596969,0.786146883386146,2.4336526913631995,-1.3082723597528674,-0.7976501156020931
0.6628629742161976,-0.46253325938525486,0.7861489636416592,2.433689701494513,-1.30809310843933,-0.7990283183427224
0.6625950719601494,-0.46263301500467674,0.7861485135579911,2.4337305183088236,-1.3079151320626274,-0.8004078773645961
0.6623253291040605,-0.4627304039300601,0.786145521333693,2.433775154413971,-1.3077384397065552,-0.8017888394450912
0.662053758695154,-0.46282540537008215,0.7861399760189318,2.4338236185809605,-1.3075630522818356,-0.803171155361248
0.6617803623436092,-0.46291804346697907,0.7861319031930147,2.433875876689443,-1.3073889572987405,-0.8045547979891076
0.6615051369495539,-0.46300829249958986,0.7861212820944621,2.4339319518672022,-1.3072161719824615,-0.8059398105357082
0.6612280940612427,-0.4630961485265443,0.7861081164211159,2.433991835073361,-1.3070447059159218,-0.8073261383392613
0.6609492306090115,-0.46318162512840355,0.7860924207361029,2.434055506203808,-1.3068745513303488,-0.8087137893976537
0.6606685467702045,-0.46326469644476853,0.7860741753127809,2.4341229865767176,-1.306705727137961,-0.8101027888097104
0.6603860599071636,-0.4633453530698116,0.7860533808792112,2.43419426968305,-1.306538248824269,-0.8114930581462478
0.6601017676465983,-0.46342361998225645,0.7860300624736523,2.434269322311707,-1.3063721015425651,-0.8128845927813741
0.6598156610714581,-0.463499474557514,0.7860042003294834,2.434348167240382,-1.3062072985682749,-0.814277461664643
0.6595277555544654,-0.46357289791105316,0.7859757860365097,2.4344308093390277,-1.3060438607264715,-0.815671606125718
0.6592380567543557,-0.46364391030357155,0.7859448430652218,2.434517215846386,-1.305881779453622,-0.8170669851223462
0.658946571884675,-0.46371247633763085,0.7859113455299922,2.4346074143245917,-1.305721083016767,-0.8184635969139455
0.6586533079409458,-0.4637786241736399,0.7858753244006773,2.4347013624213463,-1.3055617581465868,-0.8198613887548485
0.6583582596118052,-0.46384233145909265,0.7858367614226598,2.4347990803625064,-1.3054038196950613,-0.8212604106688647
0.6580614335751545,-0.4639035984169911,0.7857956624652611,2.4349005566406916,-1.3052472725416244,-0.8226606346769755
0.6577628253755465,-0.46396243154407385,0.7857520354201122,2.435005779111315,-1.3050921130652302,-0.8240620823028524
0.6574624447613897,-0.4640187946310055,0.785705854570999,2.435114774595964,-1.304938371386429,-0.8254647401660513
0.6571603019142329,-0.4640727160779815,0.785657152126745,2.4352274983487243,-1.3047860351475593,-0.8268685420914972
0.6568563878839759,-0.4641241815915615,0.7856059159759181,2.43534396357166,-1.304635112782678,-0.8282735477657948
0.6565507130536323,-0.4641731723595208,0.7855521361884836,2.4354641774021535,-1.3044856232772146,-0.8296797277327758
0.6562432818277579,-0.464219707503051,0.7854958348253112,2.435588108450421,-1.304337558103857,-0.831087051842902
0.6559340943013767,-0.4642637618278566,0.7854369929793239,2.435715776675822,-1.3041909365994835,-0.8324955447970805
0.6556231626696039,-0.4643053378136945,0.78537562032336,2.435847164527097,-1.3040457642858596,-0.8339051535481413
0.6553104952349265,-0.46434442694294265,0.7853117154573499,2.4359822687770736,-1.3039020525311542,-0.835315852546385
0.6549960927258138,-0.46438104059500873,0.7852452923535274,2.4361210684756642,-1.3037597965073615,-0.8367276363675361
0.6546799432292492,-0.4644151759936756,0.785176348384633,2.4362635654744045,-1.3036189961775775,-0.8381405676273738
0.6543620585210181,-0.4644467950289949,0.7851048568729677,2.4364097871593624,-1.3034796842453946,-0.8395546269660227
0.6540424544551433,-0.4644759261433664,0.7850308517911331,2.436559684941702,-1.3033418500428675,-0.8409697277411033
0.6537211235830265,-0.4645025584368194,0.7849543247033992,2.4367132669815517,-1.303205500782341,-0.8423859181934338
0.6533980708562068,-0.46452667965186667,0.7848752698660633,2.4368705358353293,-1.3030706492592747,-0.8438031914551312
0.6530733053808446,-0.4645482892349555,0.7847936932657156,2.437031478700814,-1.302937301872115,-0.8452215139405176
0.6527468351230228,-0.4645673798746982,0.7847095944998772,2.437196090866889,-1.302805469184782,-0.8466408627025589
0.65241865532527,-0.464583969674304,0.7846229918811272,2.43736434667293,-1.3026751398051017,-0.8480612522215684
0.6520887634801626,-0.4645980249960466,0.7845338583359824,2.437536276426486,-1.302546338521071,-0.8494827241660164
0.651757174897797,-0.46460955317857056,0.7844422088047893,2.437711854889257,-1.3024190686247623,-0.8509052131826211
0.6514239001663995,-0.46461854218595694,0.7843480394899855,2.4378910809370753,-1.3022933449310075,-0.852328689388184
0.6510889494141705,-0.46462499887482395,0.7842513632630554,2.438073932744459,-1.3021691691108124,-0.8537531120461801
0.6507523199693832,-0.46462892427983205,0.7841521838915329,2.4382604021558576,-1.3020465422334366,-0.8551784995167753
0.6504140063515207,-0.464630312751934,0.7840504983628542,2.438450489962315,-1.301925469015741,-0.8566048862471459
0.65007401300051,-0.4646291488302542,0.7839462979766232,2.438644202164307,-1.301805964544654,-0.8580322712839084
0.6497323519023306,-0.46462543288322933,0.7838395904049977,2.438841522913462,-1.3016880356600575,-0.8594606111974645
0.6493890287793076,-0.46461916486209787,0.7837303810364729,2.4390424403358963,-1.3015716872536753,-0.8608898896526901
0.649044051206999,-0.46461033407236996,0.7836186663465061,2.4392469532814176,-1.3014569322664442,-0.8623200903976113
0.6486974176946223,-0.46459895867982287,0.7835044657452985,2.4394550336759897,-1.3013437603938904,-0.8637512145909222
0.6483491214860626,-0.46458501356420995,0.7833877586003646,2.4396667043616365,-1.301232189664926,-0.8651833146357496
0.6479991849642226,-0.46456848218449326,0.7832685406479563,2.4398819622198094,-1.3011222423757198,-0.8666163179307032
0.6476476115918666,-0.46454940544803713,0.7831468529894776,2.4401007510470825,-1.301013894028052,-0.8680501901242358
0.6472943928374804,-0.46452773784909135,0.7830226563822551,2.4403231171812156,-1.300907176454699,-0.8694850046934028
0.6469395440552557,-0.4645034970461967,0.7828959748200788,2.4405490234406697,-1.3008020855511582,-0.8709206952958795
0.646583067393184,-0.4644766710044822,0.7827668019857654,2.440778472968614,-1.3006986334731379,-0.8723572694569557
0.6462249728035592,-0.46444725698849293,0.7826351421292035,2.4410114541883234,-1.3005968285472824,-0.873794697420863
0.6458652629903554,-0.46441526142731954,0.7825010054896757,2.4412479493842594,-1.3004966701447687,-0.8752329722371381
0.6455039424277547,-0.4643806653462643,0.7823643802813649,2.4414879679998576,-1.3003981761972474,-0.8766720972824892
0.6451410163718223,-0.46434348538457554,0.7822252865552919,2.4417314794972826,-1.300301339737714,-0.8781120488220143
0.6447764854281348,-0.46430369773507574,0.7820837071152904,2.441978500769949,-1.3002061808721577,-0.8795528486800072
0.644410359817368,-0.4642613134065066,0.781939658460916,2.4422290046985253,-1.3001126983053664,-0.8809944579135661
0.6440426405083652,-0.46421632336025465,0.7817931366091098,2.4424829915232844,-1.3000209018438875,-0.8824368871053473
0.6436733350124371,-0.4641687229726376,0.781644143395321,2.442740452920289,-1.299930800391865,-0.8838801187360463
0.643302448506998,-0.46411851496745826,0.7814926864867147,2.4430013736825744,-1.299842396831667,-0.8853241395369968
0.6429299945880218,-0.46406567797120113,0.7813387546070256,2.4432657606629355,-1.2997557140933755,-0.8867689207222753
0.6425559797200471,-0.464010246315584,0.7811823837760765,2.4435335628430312,-1.2996707328558068,-0.8882144238323433
0.642180388860567,-0.4639521932505106,0.7810235497314144,2.4438048087852997,-1.299587470361572,-0.8896607318530476
0.6418032374075309,-0.46389150340198954,0.7808622470324438,2.444079497606255,-1.299505945942337,-0.8911078055121172
0.6414245385140793,-0.46382819789861796,0.780698501896913,2.4443575891689684,-1.2994261519248322,-0.8925555904509314
0.6410442887142973,-0.46376226436180135,0.7805323061269425,2.4446390896110093,-1.2993480992099882,-0.8940041165442015
0.6406624870712405,-0.4636937066426468,0.7803636666359148,2.444923985625847,-1.2992717878832731,-0.8954533931287934
0.6402791369421359,-0.4636225045879123,0.7801925703143104,2.445212288139303,-1.299197236814055,-0.8969034294427125
0.6398942643739063,-0.4635486515497942,0.7800190223861532,2.445503980704547,-1.299124462611009,-0.8983541432949121
0.6395078681543516,-0.46347219308599696,0.7798430665613587,2.44579900385741,-1.2990534350358451,-0.8998055182324439
0.6391199322856931,-0.4633930730838219,0.7796646524809461,2.4460974188574025,-1.2989841927672543,-0.9012576577627892
0.638730481005032,-0.4633113061564723,0.7794838036281453,2.446399186629288,-1.2989167363877556,-0.9027104732443447
0.6383395288527649,-0.46322688647211635,0.7793005226416763,2.446704296065008,-1.2988510781224147,-0.9041639254744342
0.6379470798074043,-0.4631398339253101,0.7791148319481072,2.4470127132514343,-1.298787207981058,-0.9056179965893224
0.6375531249177544,-0.46305012873210855,0.7789267153231174,2.4473244551983075,-1.2987251407288747,-0.9070727405117461
0.6371576688085336,-0.46295776956479917,0.7787361766386214,2.4476395110756113,-1.29866488211916,-0.9085281504428913
0.6367607117144711,-0.4628627568986534,0.7785432201524523,2.4479578703848413,-1.2986064351734252,-0.909984233856369
0.6363622650372753,-0.46276506807862855,0.7783478327529334,2.4482795422370303,-1.298549823510049,-0.9114409741956454
0.6359623421739125,-0.46266473143822745,0.7781500468928377,2.448604478184935,-1.2984950339536772,-0.9128983151076822
0.6355609414177192,-0.4625617223640868,0.7779498441159247,2.448932696510662,-1.2984420873593532,-0.9143562876815319
0.6351580760215194,-0.46245604977012456,0.7777472396507052,2.44926417034452,-1.2983909847500554,-0.9158148492692831
0.6347537574035509,-0.4623477024961637,0.7775422304719992,2.449598896042893,-1.2983417413399132,-0.917273977201471
0.6343479914407473,-0.46223670212973633,0.7773348409439289,2.449936836640601,-1.2982943463758523,-0.9187336467963132
0.633940772240575,-0.4621230254240798,0.777125052687766,2.4502780110217013,-1.2982488184925076,-0.9201939027208035
0.6335320970394616,-0.4620066901780987,0.7769128844181927,2.450622390903869,-1.2982051469803861,-0.9216547517054586
0.6331219581954954,-0.4618876641263251,0.7766983093974722,2.450970005930093,-1.2981633567335318,-0.923116249148954
0.6327103817634838,-0.4617659430319404,0.7764813346235195,2.451320836950804,-1.298123462616894,-0.9245783185477824
0.6322973865165311,-0.46164155125759543,0.7762619903075301,2.451674837068785,-1.2980854558515327,-0.9260408903708272
0.6318829779701263,-0.4615144723614486,0.776040267117228,2.452032011510425,-1.2980493537985223,-0.9275039665894884
0.6314671570185393,-0.4613847316376288,0.775816191291625,2.452392321728166,-1.2980151412381284,-0.9289675373754758
0.6310499141203212,-0.46125229427649894,0.7755897333544017,2.452755801032898,-1.2979828445569142,-0.9304316662358033
0.6306312719970872,-0.4611171614904903,0.7753609040769538,2.453122426075417,-1.2979524734501888,-0.9318962865986572
0.6302112347972026,-0.4609793608589211,0.7751297325450017,2.4534921540436865,-1.2979240119603843,-0.9333613764643508
0.6297897993550117,-0.46083885307791894,0.7748961870125095,2.453865019804638,-1.2978974919956914,-0.9348269811654389
0.6293669718805748,-0.4606956762741625,0.7746603063950093,2.454240967770503,-1.2978728902995889,-0.9362930648579133
0.628942754240005,-0.4605497732534031,0.7744220445260988,2.4546200498872364,-1.2978502539377024,-0.9377596678817576
0.6285171653503059,-0.4604012060489382,0.7741814646243594,2.455002177636269,-1.2978295455548805,-0.9392266980548624
0.6280901945887827,-0.4602499182670364,0.7739385180022875,2.455387408433937,-1.2978108078169968,-0.9406942356098827
0.6276618660074602,-0.4600959420287421,0.7736932428149781,2.4557756841982625,-1.2977940274454336,-0.9421621918718437
0.6272321740444173,-0.4599392714909229,0.773445636172962,2.456167003893664,-1.2977792105731225,-0.94363059790592
0.6268011212775471,-0.45977989324374174,0.773195690631856,2.456561370633663,-1.2977663716396357,-0.9450994634793803
0.6263687235352844,-0.4596178079301851,0.7729434144726373,2.4569587653013043,-1.2977555185683314,-0.94656874741565
0.6259349890613524,-0.45945302853144665,0.7726888248659374,2.4573591590423938,-1.297746647529928,-0.9480384248664936
0.6254999153368237,-0.4592855449728067,0.7724319159781037,2.457762553841219,-1.2977397688802776,-0.9495085198100186
0.6250635179529187,-0.45911534351106925,0.772172683316743,2.4581689465909013,-1.2977349014104127,-0.9509790019819965
0.6246258052370801,-0.45894245973210973,0.7719111638911551,2.4585782834977006,-1.2977320240327577,-0.9524498319750889
0.6241867715207583,-0.45876685165016157,0.7716473230237457,2.4589906032214364,-1.2977311705413817,-0.9539210643760401
0.6237464352804833,-0.45858854675698685,0.7713811931214387,2.45940585581369,-1.2977323291187894,-0.9553926337523897
0.623304792487215,-0.45840753449283383,0.7711127675311342,2.4598240444509427,-1.297735510095472,-0.9568645690569337
0.6228618449664967,-0.4582238127626139,0.7708420485063008,2.460245160029404,-1.29774071915209,-0.9583368754599298
0.6224175942413046,-0.45803737814468576,0.7705690370658527,2.4606691950214943,-1.2977479629099125,-0.9598095597941577
0.6219720544087188,-0.45784821653524155,0.7702937279351323,2.461096147443358,-1.2977572600764513,-0.961282597760825
0.6215252442559938,-0.45765635249333947,0.7700161508875683,2.4615259705352397,-1.2977686010276166,-0.9627559260802618
0.6210771549466578,-0.4574617856640755,0.7697363070490955,2.461958658494092,-1.297781986830259,-0.9642295812794859
0.6206277921147278,-0.45726448415484355,0.769454173419688,2.462394233041245,-1.2977974473573186,-0.9657035767402452
0.6201771822675228,-0.45706447689189805,0.7691697853970538,2.4628326389327038,-1.297814971887259,-0.967177823913314
0.6197253147012369,-0.45686177469831957,0.7688831534536473,2.463273858939219,-1.2978345522738186,-0.9686523573694178
0.6192721857406243,-0.4566563324568641,0.7685942407321575,2.4637179337598316,-1.297856225890895,-0.9701272270009115
0.6188178119559073,-0.45644819065103315,0.7683030903064734,2.4641648003236205,-1.2978799699336299,-0.9716023665337817
0.6183621857760624,-0.4562373172813862,0.7680096758993535,2.4646144867365547,-1.2979058104962133,-0.9730778286120523
0.6179053215834376,-0.45602372568543265,0.7677140162246099,2.4650669607899682,-1.2979337451436983,-0.9745535714637951
0.6174472227502203,-0.4558074129913016,0.7674161131441495,2.4655222133460417,-1.297963780689696,-0.9760295964180383
0.616987913833245,-0.45558835993329005,0.767115959139991,2.4659802431697733,-1.297995943162385,-0.9775058542854771
0.6165274070859321,-0.4553666313598487,0.766813617422144,2.4664409627925283,-1.2980301891563408,-0.9789822766592355
0.6160656870866874,-0.45514215376908423,0.7665090235055643,2.466904449390292,-1.2980665749778655,-0.9804589663391035
0.6156027716773522,-0.454914989139105,0.766202239374782,2.4673706160044433,-1.2981050610586355,-0.9819358405101882
0.6151386509068275,-0.45468507527813384,0.7658932117817954,2.467839524692935,-1.2981456966708373,-0.9834129783024151
0.6146733531644242,-0.45445245853621874,0.7655819914131818,2.468311100743977,-1.298188457569714,-0.9848902775055579
0.6142068711149169,-0.45421712332999675,0.7652685664234311,2.4687853539581126,-1.2982333573067928,-0.9863677789610836
0.6137392100677865,-0.45397906594286125,0.7649529382908167,2.4692622752074493,-1.298280403952366,-0.9878454795189803
0.6132703793853094,-0.45373828753164025,0.7646351136742728,2.4697418481623186,-1.2983296029610605,-0.9893233614432014
0.6128003883989264,-0.4534947904578206,0.7643151002541813,2.4702240552177632,-1.2983809588154729,-0.9908014064829515
0.6123292450805207,-0.45324857643074545,0.7639929048077709,2.4707088801297736,-1.298434476093906,-0.992279600776642
0.6118569553415685,-0.45299964714474783,0.763668533613644,2.47119630762957,-1.2984901587581101,-0.9937579363249455
0.6113835231387124,-0.4527480014391569,0.7633419900029361,2.4716863264546793,-1.2985480124415554,-0.9952364124639267
0.6109089529102949,-0.452493638090017,0.7630132773548031,2.472178925180958,-1.2986080429756797,-0.9967150272115909
0.6104332486081163,-0.4522365574912174,0.7626824003475914,2.4726740908312013,-1.2986702547651823,-0.998193778816008
0.6099564185148436,-0.4519767525966485,0.7623493581163459,2.4731718165748386,-1.2987346594241658,-0.999672658644119
0.6094784775745374,-0.45171423336616545,0.7620141661062698,2.4736720740904237,-1.2988012570254048,-1.0011516286781768
0.6089994274227988,-0.4514490079569767,0.7616768352065924,2.4741748430382478,-1.2988700450680708,-1.00263068857077
0.6085192713729146,-0.4511810554711134,0.7613373513053574,2.474680133925011,-1.298941044726601,-1.0041098528211192
0.6080380262360361,-0.4509103967916533,0.7609957397203146,2.4751879058049964,-1.2990142478581441,-1.0055890714724054
0.6075556926652435,-0.45063702723027776,0.760651999872243,2.47569815276497,-1.2990896619003285,-1.007068355528851
0.6070722754070847,-0.45036094431922696,0.7603061340161279,2.476210864640723,-1.2991672937466061,-1.0085477033962718
0.6065877750431836,-0.4500821547638463,0.7599581515042875,2.4767260231238084,-1.299247141700658,-1.010027118353744
0.6061021903174821,-0.4498006412276562,0.7596080403269259,2.4772436367768385,-1.2993292228155346,-1.0115066246188034
0.6056155335204632,-0.44951641192702785,0.7592558136811323,2.4777636804860634,-1.299413537670211,-1.0129861931351798
0.6051278265660329,-0.44922945625994565,0.7589014703666113,2.4782861454427207,-1.299500104810835,-1.0144657825641714
0.6046390895159597,-0.4489398208831981,0.7585450586393239,2.4788109616886316,-1.2995888960838913,-1.0159453182414957
0.6041492990016697,-0.44864748483482747,0.7581865585536693,2.479338151328376,-1.2996799248988464,-1.0174248852648262
0.6036584517095793,-0.4483524223724728,0.7578259503248117,2.479867732831693,-1.2997732145552763,-1.01890451878523
0.6031665771532908,-0.4480546382683095,0.7574632476666228,2.4803996775736845,-1.2998687734541305,-1.020384147855604
0.6026736915776008,-0.4477541752603415,0.7570984944924053,2.4809339216798914,-1.2999665752751284,-1.0218637108167374
0.602179787392414,-0.44745099741450567,0.7567316611774499,2.4814704965334426,-1.3000666503201546,-1.0233432613171456
0.601684876058894,-0.44714513171538556,0.7563627768770753,2.4820093573794852,-1.3001689835452614,-1.0248227607920217
0.6011889422286827,-0.44683656341942357,0.7559918288527676,2.4825505158393866,-1.300273585829446,-1.0263022678399185
0.6006919988011679,-0.44652526229958567,0.7556187967560772,2.4830939882964205,-1.3003804890475081,-1.0277817790852355
0.6001940841202744,-0.44621127561683244,0.7552437328372634,2.4836396969970957,-1.3004896695055475,-1.0292611739024207
0.5996951899641876,-0.44589461495226607,0.7548666486841542,2.484187622228884,-1.300601118723467,-1.0307404748184614
0.5991953108044967,-0.44557523631365725,0.7544875081244355,2.4847378029773597,-1.3007148743830044,-1.0322197352772804
0.5986944586642307,-0.44525318592977753,0.7541063570341251,2.4852901737210322,-1.3008309056912064,-1.0336989023313072
0.5981926345625359,-0.44492840453832694,0.7537231473023249,2.4858447871086478,-1.3009492648374534,-1.0351780233613794
0.597689873679585,-0.4446009648873575,0.753337952427855,2.4864015397768515,-1.301069906023437,-1.036656969654877
0.5971861578806807,-0.44427083419900915,0.7529507434426805,2.486960463730282,-1.3011928541326212,-1.0381358184419485
0.5966814952456652,-0.44393801074571465,0.752561523638577,2.4875215468288756,-1.3013181163553962,-1.0396145599775337
0.5961758831154822,-0.4436025123634397,0.7521703111688232,2.4880847602484093,-1.301445680635147,-1.0410931974858322
0.5956693181726713,-0.44326429533634676,0.7517770706062481,2.4886501414671405,-1.3015755853629463,-1.0425717781683645
0.5951618337554696,-0.4429233964544277,0.7513818436282915,2.489217626918024,-1.3017078134406683,-1.0440502036104358
0.5946534494232241,-0.44257981496591703,0.7509846365082078,2.4897871990148928,-1.3018423745767043,-1.0455284359145156
0.5941441793747431,-0.44223358570774857,0.7505854853106442,2.490358804267568,-1.3019792474800949,-1.0470064259050387
0.5936339912698472,-0.44188469968054844,0.750184379044696,2.490932454480535,-1.3021184333755667,-1.0484842675805612
0.5931228939112385,-0.44153307518617424,0.7497812516541353,2.4915082229240255,-1.3022600058162412,-1.0499620053787198
0.5926109247189255,-0.4411788468770395,0.7493762302303133,2.4920859402750066,-1.3024038675559653,-1.0514394642547638
0.5920980453214879,-0.44082189221139795,0.7489692042327016,2.4926657418610616,-1.3025501122566177,-1.0529168309461592
0.5915843100942335,-0.4404622840978338,0.7485602503134281,2.4932475180571676,-1.3026986986666447,-1.0543939333107006
0.5910697108639456,-0.4401000341585229,0.7481493800153669,2.4938312490979633,-1.3028496179674776,-1.0558707920173858
0.5905542411946283,-0.43973509747560013,0.7477365562357239,2.494416974800316,-1.30300290892407,-1.0573474628496091
0.5900379255685202,-0.4393675137138022,0.7473218209722958,2.4950046329334374,-1.3031585489359496,-1.0588238690212954
0.5895207615095428,-0.43899727160241503,0.7469051670023612,2.495594225926846,-1.30331654991213,-1.0603000333953527
0.5890027556629769,-0.43862437340395427,0.7464866005296256,2.496185738307955,-1.3034769151502097,-1.0617759477280406
0.5884839146974041,-0.43824882144125643,0.7460661277972291,2.496779154556803,-1.3036396478905183,-1.0632516037144575
0.5879642453002534,-0.43787061809331856,0.7456437550833339,2.4973744591124456,-1.303804751318527,-1.0647269929973007
0.5874437541743633,-0.43748976579292076,0.7452194886982877,2.497971636377429,-1.303972228565487,-1.0662021071771195
0.5869224480352999,-0.43710626702536737,0.7447933349828157,2.498570670721007,-1.3041420827080457,-1.0676769378227993
0.5864003335312598,-0.4367201243752967,0.7443653003342625,2.4991715464587463,-1.304314316705975,-1.0691514766155066
0.5858774212741569,-0.4363313376175643,0.7439353894100909,2.4997742494740134,-1.304488937025944,-1.070625708199109
0.5853537125051513,-0.43593992872696646,0.7435036243710069,2.500378745562073,-1.3046659286858804,-1.0720996229454247
0.5848292044970091,-0.4355458561325299,0.743069971725737,2.500985069271475,-1.3048453290801516,-1.073573265290373
0.5843039287067207,-0.43514916105691187,0.7426344756065273,2.501593155159294,-1.3050271157824933,-1.0750465431495935
0.5837778905054671,-0.4347498454881277,0.7421971415407445,2.5022029888708626,-1.305211291778726,-1.0765194519703498
0.5832510911724347,-0.4343479136805874,0.7417579762900797,2.5028145551209837,-1.305397856931664,-1.077991994753276
0.5827235316448882,-0.43394335450794075,0.7413169732728506,2.5034278549785474,-1.305586824020774,-1.079464186122011
0.5821952232973828,-0.43353617742470485,0.7408741454912606,2.504042864092155,-1.305778191441375,-1.080936002562579
0.5816661739501252,-0.4331263857755583,0.740429500023982,2.504659565875382,-1.3059719617021068,-1.0824074329990854
0.5811363895205064,-0.43271398551220447,0.7399830458540357,2.505277941694261,-1.306168134523062,-1.083878468752241
0.5806058765283888,-0.43229897217135416,0.7395347830612735,2.5058979837087323,-1.3063667186388652,-1.0853491073009083
0.5800746323062209,-0.4318813678426062,0.7390847330765178,2.506519659291795,-1.3065676974900446,-1.0868193472317524
0.5795426494832538,-0.43146112229874334,0.7386328541657301,2.507143013463048,-1.3067711147613035,-1.088289249246731
0.5790099619471385,-0.43103828009274575,0.7381791932799873,2.5077679774823842,-1.306976945381356,-1.0897587153567991
0.5784765772334932,-0.43061284507702813,0.737723757763046,2.5083945345660026,-1.3071851912329142,-1.0912277350292803
0.5779425076772697,-0.4301848185044574,0.7372665534870415,2.509022669096054,-1.307395857802434,-1.0926962892624636
0.5774077522667289,-0.42975422842375477,0.7368076071930076,2.5096523418728713,-1.3076089237180697,-1.0941643686422127
0.5768723062204195,-0.42932101688981894,0.7363468709086911,2.510283605066735,-1.3078244401713346,-1.095632033963103
0.5763362050497296,-0.428885250788157,0.7358844107860625,2.5109163667217276,-1.308042363094305,-1.0970991688690617
0.5757994390516394,-0.4284469090969549,0.7354202098182738,2.511550642035027,-1.3082627105746647,-1.0985658181723772
0.575262012175024,-0.4280059947989994,0.734954273913508,2.5121864165206143,-1.308485484089079,-1.100031979761711
0.5747239297804176,-0.42756250505388976,0.7344866041849158,2.5128236813314793,-1.3087106905263814,-1.1014976527172287
0.5741852010727597,-0.4271164498651361,0.7340172133988863,2.513462412993639,-1.3089383268224035,-1.1029628186265454
0.5736458304546561,-0.4266678294642095,0.7335461051262846,2.5141025998290756,-1.3091683969092955,-1.1044274764047879
0.5731058264518261,-0.426216645940867,0.7330732851745951,2.5147442269272475,-1.3094009043085573,-1.1058916149181652
0.5725652040128049,-0.4257629066436663,0.7325987648480732,2.515387271932072,-1.3096358498484872,-1.107355205852709
0.5720239632952526,-0.4253066367835246,0.7321225684701047,2.516031698647647,-1.3098732145451426,-1.108818238833176
0.5714820973977011,-0.42484778798247713,0.7316446560182208,2.516677549605849,-1.3101130410711186,-1.110280771907294
0.5709396392886781,-0.4243864065837055,0.7311650750260732,2.5173247564354555,-1.3103553016632543,-1.1117427108930242
0.5703965909354252,-0.42392249805578025,0.7306838330567995,2.517973303070717,-1.3105999948711233,-1.1132040561866472
0.5698529605960205,-0.4234560485195827,0.7302009220033159,2.5186231915959882,-1.3108471378829436,-1.1146648094019358
0.5693087594017268,-0.42298709805716356,0.7297163805139624,2.5192743673242846,-1.3110967017798312,-1.1161249266013316
0.5687639680838363,-0.4225156103422706,0.7292301770510057,2.519926863989315,-1.311348715238544,-1.1175844822163197
0.5682186126021462,-0.4220415762508094,0.7287423102306168,2.5205806733845515,-1.3116031965077528,-1.11904343816663
0.5676727182866603,-0.42156507354092443,0.7282528530430801,2.5212356978701003,-1.3118600877844824,-1.1205016939792045
0.5671262588514066,-0.42108604196313254,0.7277617524005331,2.5218919979367866,-1.3121194366151498,-1.1219593557378478
0.5665792535040768,-0.4206045000634763,0.7272690295558313,2.5225495390411203,-1.3123812350454154,-1.123416379028429
0.5660317110208388,-0.42012046220461374,0.7267747005925358,2.5232082941759004,-1.3126454756743677,-1.1248727437338844
0.5654836367740614,-0.41963392068673516,0.7262787621602023,2.5238682601321454,-1.3129121694043064,-1.1263284529732585
0.5649350480658635,-0.4191448931448848,0.7257812343149252,2.524529404207315,-1.3131813083942199,-1.1277834673386933
0.5643859523076378,-0.41865339151072267,0.7252821307570514,2.52519170255444,-1.3134528868630426,-1.129237771518223
0.5638363443675463,-0.41815941454570227,0.7247814521149927,2.525855148477018,-1.3137269069089268,-1.1306913847620617
0.5632862263659622,-0.41766294310318197,0.7242791847267882,2.5265197515502824,-1.31400338852044,-1.132144325135321
0.5627356062146092,-0.4171640117718021,0.7237753617521863,2.5271854645697016,-1.3142823060563056,-1.1335965591797639
0.5621844774450189,-0.4166625780467993,0.7232699483417284,2.5278523234424206,-1.3145636975955777,-1.1350481391055263
0.56163287098749,-0.4161586825746411,0.7227629859815803,2.5285202684778403,-1.3148475388181748,-1.1364989819795785
0.5610807998883525,-0.41565233447173555,0.7222544866153346,2.5291892774740603,-1.3151338279200504,-1.1379490637177199
0.5605282619731975,-0.41514355480541365,0.7217444703040581,2.52985932025472,-1.3154225480291926,-1.1393983808041037
0.559975263838298,-0.41463228908894745,0.7212328936926666,2.530530441440189,-1.3157137517217388,-1.1408469693447996
0.5594218429400137,-0.41411864060280806,0.720719852412798,2.531202516376691,-1.316007360817146,-1.1422946879016003
0.5588679641359793,-0.41360254450287354,0.7202052886154,2.5318756115607903,-1.3163034248407217,-1.143741660677689
0.5583136339924093,-0.41308400582200444,0.7196892098203005,2.532549710869537,-1.3166019436188146,-1.145187878999455
0.5577588725400653,-0.41256302219720103,0.7191716189687347,2.533224802243792,-1.3169029274794342,-1.1466333142851706
0.5572036979251154,-0.4120396502670898,0.7186525690699352,2.533900814299167,-1.3172063336465223,-1.1480778973590904
0.5566480948107131,-0.4115138434266368,0.718132020596657,2.534577789370328,-1.3175122013952745,-1.1495217002167464
0.5560920812752479,-0.41098562963465207,0.7176100020230334,2.535255685356763,-1.3178205133920866,-1.1509646753996747
0.5555356694199718,-0.4104550044228946,0.7170865133205369,2.5359344947501854,-1.318131279424937,-1.152406811425865
0.5549788751437892,-0.4099220051677206,0.7165615905947504,2.5366141667994464,-1.3184444729826625,-1.1538480582195516
0.5544216958176844,-0.40938660980211555,0.7160352168727258,2.5372947157131187,-1.3187601152047752,-1.155288445308678
0.5538641411491176,-0.4088488448963448,0.7155074182081158,2.537976103401843,-1.3190781873330921,-1.1567279423482186
0.553306203810835,-0.4083086912470915,0.7149781795034515,2.538658342293968,-1.3193987065736725,-1.1581665851575424
0.5527478967757267,-0.4077661527905478,0.7144475079076544,2.539341416416534,-1.319721675374656,-1.1596043544554944
0.5521892365530827,-0.4072212541680681,0.7139154285909028,2.540025288191428,-1.320047078597466,-1.1610412089122937
0.5516302308248515,-0.4066739960133173,0.7133819451471095,2.540709946512799,-1.32037492002224,-1.162477141788916
0.551070888774615,-0.40612439590063887,0.712847075750437,2.541395362935361,-1.3207051886074808,-1.1639121307500844
0.5505112105075174,-0.40557244772130674,0.7123108173072263,2.542081535048166,-1.321037891927493,-1.1653461879866371
0.5499511945754465,-0.4050181617819511,0.7117731805216536,2.542768444289493,-1.3213730222992524,-1.1667793158155257
0.5493908351713999,-0.4044615129534086,0.7112341454595565,2.5434561086263914,-1.321710602722744,-1.1682115512576412
0.5488301471354964,-0.4039025211835604,0.7106937329551006,2.5441444960175454,-1.3220506216002053,-1.169642859712057
0.548269145890163,-0.40334118802726954,0.7101519482122693,2.5448335928694386,-1.3223930840835842,-1.1710732198243536
0.5477078689345776,-0.4027775438975807,0.7096088234203286,2.5455233519213905,-1.3227379756872113,-1.1725025492079406
0.5471463079998169,-0.40221165831874717,0.7090644186713684,2.546213697433152,-1.3230852328599532,-1.1739308170468283
0.5465844172453993,-0.4016433850835702,0.7085186066169937,2.5469047772587863,-1.3234349765258402,-1.1753582239237474
0.5460222576977554,-0.40107282517510384,0.7079714819572147,2.547596468734149,-1.3237871350575579,-1.1767845919157853
0.5454598357954614,-0.40049998468060016,0.7074230525271799,2.548288756303254,-1.32414170667628,-1.1782099127009646
0.5448971577949888,-0.39992486955434015,0.706873326009835,2.5489816246422397,-1.3244986896450945,-1.1796341783929514
0.5443342297553291,-0.3993474855950994,0.7063223099168647,2.549675058680614,-1.3248580822876799,-1.1810573815598882
0.5437710429730069,-0.3987678444172597,0.705770015090164,2.55036904072892,-1.3252198732306146,-1.1824795357912234
0.5432075890668226,-0.39818589485550554,0.7052163992151348,2.5510636152102077,-1.3255841084574551,-1.183900702230555
0.5426439019253957,-0.3976016924091975,0.7046615149262867,2.551758711960366,-1.3259507491692786,-1.1853207868249072
0.5420799866543833,-0.39701524206518984,0.7041053688828196,2.552454317118784,-1.3263197940595663,-1.186739784374392
0.5415158411332741,-0.39642655133130283,0.7035479691174533,2.553150415835663,-1.3266912373496718,-1.1881577000066834
0.5409514701025895,-0.3958355946999378,0.7029892964225932,2.553847024473468,-1.327065105518286,-1.189574552591581
0.5403868980899458,-0.39524242774256874,0.7024294022564064,2.554544075474095,-1.3274413566328502,-1.1909902647098598
0.5398221298135497,-0.39464702421180403,0.7018682667048841,2.5552415861406366,-1.3278200178130017,-1.1924048561598402
0.5392571856380473,-0.39404944361105526,0.701305943981632,2.555939486308877,-1.3282010421138324,-1.1938182539075453
0.5386920408901861,-0.3934496495830999,0.7007424026447726,2.5566378090262227,-1.328584457174016,-1.1952305349440873
0.5381266948412136,-0.39284762588715033,0.7001776307473522,2.55733656269341,-1.3289702793379008,-1.1966417200839783
0.5375611788596606,-0.392243388615324,0.6996116468191542,2.558035717912061,-1.3293585047600442,-1.198051751611649
0.536995525159313,-0.39163700444437827,0.6990445120917581,2.5587351958928495,-1.329749083147998,-1.1994605315969067
0.5364297159048363,-0.39102846330455765,0.6984762180228321,2.559435002624925,-1.3301420199339238,-1.200868104854676
0.53586374122608,-0.39041772494988797,0.6979067314267597,2.5601351719433407,-1.3305373508268896,-1.2022745261447125
0.535297610968485,-0.3898048292794046,0.6973360887060793,2.560835655648584,-1.3309350434146132,-1.203679755125506
0.5347313227625956,-0.3891897329476435,0.6967642548150264,2.561536489112657,-1.3313351385688705,-1.205083836429856
0.5341649151085264,-0.3885724982923397,0.6961912876771263,2.562237597403275,-1.3317375915854253,-1.2064866656518949
0.5335983840250669,-0.38795314225085664,0.6956172028764671,2.5629389576695063,-1.3321423869749878,-1.207888243218475
0.5330317202690145,-0.3873316203434905,0.6950419637503629,2.563640607673518,-1.3325495646219037,-1.209288625877099
0.5324649475909005,-0.3867079783719449,0.6944656127544055,2.5643424916885693,-1.3329590905418203,-1.2106877464389167
0.5318980656281558,-0.3860822120769087,0.6938881479177539,2.565044606927179,-1.3333709699397776,-1.212085615846973
0.5313310824004627,-0.38545432588655154,0.6933095753335086,2.5657469407731583,-1.3337852024555337,-1.2134822247597863
0.5307640190243093,-0.38482433305715513,0.6927299096333903,2.5664494700128273,-1.3342017834200002,-1.214877536191316
0.5301968813349087,-0.3841922832015735,0.6921491946705034,2.567152138970227,-1.334620669639218,-1.2162715090565273
0.5296296526272322,-0.383558105885358,0.6915673713133135,2.567855011663662,-1.3350419230255492,-1.2176642320707287
0.5290623673457948,-0.382921868017716,0.6909845003818731,2.5685580112405715,-1.3354654927838514,-1.2190556052955563
0.5284950109114503,-0.38228356961933463,0.69040058221518,2.5692611333900186,-1.3358913757093116,-1.220445658568418
0.5279275760746018,-0.3816431599752002,0.689815575160921,2.569964421353204,-1.3363196182661463,-1.2218344498488978
0.5273600988461351,-0.3810007012064515,0.6892295359777116,2.570667803170188,-1.336750174421929,-1.2232218808779896
0.5267925865731966,-0.38035620204549647,0.6886424740962562,2.571371262919597,-1.3371830393716497,-1.2246079403738428
0.5262250351096531,-0.3797096752257467,0.6880544013764447,2.572074782610766,-1.337618201060329,-1.2259926315937724
0.5256574364389341,-0.3790610837948104,0.6874652876728051,2.5727783923874497,-1.3380556928744285,-1.2273760027411909
0.5250898128551058,-0.37841046486400803,0.686875167417357,2.5734820470245565,-1.3384954878542195,-1.2287579969670817
0.524522183440304,-0.37775782308503775,0.6862840474513501,2.5741857330862197,-1.338937588497904,-1.2301385883178246
0.5239545664790763,-0.3771032167105349,0.6856919794509846,2.5748893862800064,-1.3393819465906291,-1.231517709917183
0.5233869339519783,-0.3764466097862499,0.6850989325429993,2.5755930387650667,-1.3398285884930896,-1.2328954395504863
0.5228192854504417,-0.37578796988331825,0.6845048809873768,2.576296715245629,-1.3402775456977796,-1.2342718100158605
0.5222516479972832,-0.3751273527605495,0.6839098749738204,2.577000352827941,-1.3407287748679366,-1.2356467430493359
0.5216840237897027,-0.3744647507923045,0.6833139096735534,2.577703952475283,-1.3411822848568133,-1.2370202480939434
0.521116435727766,-0.37380018228023604,0.6827170034413852,2.578407487896411,-1.3416380663120435,-1.2383922832095062
0.5205488901679836,-0.3731336983805709,0.6821192008879979,2.579110904023407,-1.3420960737150023,-1.2397628051922447
0.5199813647958691,-0.37246523075565313,0.6815204445904204,2.5798142626334304,-1.3425563658475637,-1.2411319080172196
0.5194138853309811,-0.3717948245166735,0.6809207754564772,2.580517511980985,-1.3430189087612214,-1.2424995244056225
0.5188464583534369,-0.3711224886139918,0.6803202027400244,2.5812206371346393,-1.3434836968602801,-1.243865644231362
0.5182790900150791,-0.37044823120938214,0.6797187349842915,2.5819236240407504,-1.343950725141022,-1.2452302586361503
0.5177117864898433,-0.36977206054279244,0.6791163807786282,2.582626458646766,-1.3444199885083794,-1.2465933586740958
0.5171445530056755,-0.3690939852208177,0.6785131489369598,2.5833291267408898,-1.3448914812053936,-1.2479549364839302
0.5165773931629825,-0.36841401006763097,0.6779090449937373,2.584031617915588,-1.345365200552693,-1.2493149895483247
0.5160103262299574,-0.3677321366208198,0.677304072710502,2.584733923175143,-1.3458411517818099,-1.250673495469155
0.5154433728620309,-0.36704843398674897,0.6766982922585196,2.5854359702500984,-1.3463192761272562,-1.2520303762383196
0.5148765106534521,-0.36636285479161546,0.6760916638873384,2.5861378008304756,-1.346799612589442,-1.253385708373672
0.5143097463740185,-0.3656754076105808,0.6754841963920653,2.5868394009165385,-1.3472821558026795,-1.2547394818027082
0.5137430766986761,-0.36498610596160985,0.6748759020708608,2.587540753002482,-1.34776689255349,-1.2560916967670455
0.5131765010397875,-0.3642949130122847,0.6742667514301806,2.588241886253675,-1.3482538585920114,-1.2574423897299183
0.5126100538056351,-0.36360189342321464,0.6736568015732347,2.588942731803247,-1.3487430033629764,-1.2587914668696047
0.5120437390324981,-0.36290705598773626,0.6730460611879518,2.5896432761682138,-1.349234320330133,-1.2601389219951002
0.5114775576583366,-0.3622104027303273,0.6724345331423827,2.590343512502035,-1.3497278084680011,-1.261484758610369
0.5109115127358677,-0.3615119363710505,0.6718222210035867,2.591043433128062,-1.3502234667282724,-1.2628289766365604
0.5103456104049804,-0.3608116657861009,0.6712091336208497,2.591743024424607,-1.350721289093663,-1.2641715667620246
0.5097798568142773,-0.3601095999178221,0.6705952798773089,2.592442272790294,-1.3512212694631844,-1.2655125196167039
0.5092142581188872,-0.35940574777398,0.6699806686887921,2.59314116464646,-1.3517234016513502,-1.266851825783999
0.5086488204780211,-0.3587001184237417,0.6693653090004061,2.5938396864409787,-1.3522276793918717,-1.2681894758018868
0.5080835699467658,-0.3579927157487006,0.6687492064174818,2.5945378278783555,-1.3527341075566734,-1.2695254374145428
0.5075185310767067,-0.35728363484042475,0.6681324421170176,2.595235495107624,-1.353242602601002,-1.270859607563608
0.5069536673434913,-0.3565727990333479,0.6675149515903018,2.5959327573829682,-1.3537532275430173,-1.2721921036941466
0.5063889851294814,-0.35586021786958716,0.6668967441127469,2.596629600995431,-1.3542659756456894,-1.273522915649507
0.505824490797941,-0.35514590092756815,0.6662778289653617,2.597326012293023,-1.3547808401074288,-1.2748520332874878
0.5052601958163696,-0.3544298565241692,0.6656582145909504,2.5980219785072,-1.3552978169115788,-1.2761794407202651
0.5046961147785418,-0.3537121156995148,0.6650379283635748,2.598717466016165,-1.3558168810010804,-1.277505099756043
0.5041322499129204,-0.3529926802691628,0.6644169728273068,2.5994124689491223,-1.35633803170373,-1.2788290122078014
0.5035686071152563,-0.35227155954400013,0.6637953568906565,2.6001069743863297,-1.3568612622195528,-1.2801511689741785
0.503005192278541,-0.3515487628873807,0.663173089483573,2.600800969445208,-1.3573865656746398,-1.2814715609267973
0.5024420112915706,-0.3508242997118894,0.6625501795548678,2.601494441282897,-1.3579139351246197,-1.2827901789076166
0.5018790700382274,-0.35009817948147376,0.6619266360733809,2.602187377096317,-1.3584433635510593,-1.284107013741702
0.5013163743957798,-0.3493704117051828,0.6613024680233446,2.6028797641259773,-1.3589748438690448,-1.285422056225072
0.5007539302346062,-0.34864100594212266,0.660677684407537,2.60357158965468,-1.3595083689199081,-1.2867352971451753
0.5001917434165124,-0.3479099717945652,0.6600522942422411,2.604262841011496,-1.360043931479722,-1.2880467272663525
0.49962981979416465,-0.3471773189098107,0.6594263065582866,2.6049535055717747,-1.3605815242562116,-1.289356337340708
0.49906816521027686,-0.3464430569797631,0.6587997304005113,2.605643570758146,-1.3611211398887257,-1.2906641181120773
0.4985067996610617,-0.34570719249354576,0.6581725726388146,2.606333026307425,-1.3616627785761966,-1.2919700450202434
0.49794574306098394,-0.3449697975857618,0.6575448942302251,2.607021803130437,-1.3622063763571644,-1.2932740408589383
0.49738497290753125,-0.3442308231852902,0.656916654626897,2.607709943253259,-1.3627519742274157,-1.2945761798655737
0.4968244949935068,-0.34349027914440566,0.6562878629145725,2.608397434304701,-1.3632995645702248,-1.2958764527546855
0.4962643150978687,-0.3427481753548441,0.6556585281884266,2.609084263966595,-1.363849139704815,-1.297174850240458
0.49570443898481686,-0.3420045217448679,0.6550286595508665,2.609770419975659,-1.3644006918898426,-1.2984713630321474
0.4951448724035252,-0.3412593282816412,0.6543982661129975,2.61045589012307,-1.36495421331982,-1.2997659818450447
0.49458562108702564,-0.3405126049660835,0.6537673569909219,2.611140662257204,-1.365509696131589,-1.3010586973890965
0.49402669075206695,-0.3397643618359388,0.6531359413076951,2.611824724282861,-1.366067132399858,-1.3023495003816372
0.4934680870982482,-0.33901460896237895,0.652504028190847,2.6125080641632077,-1.3666265141413827,-1.3036383815409267
0.4929098158077512,-0.3382633564516506,0.6518716267733691,2.6131906699195637,-1.3671878333124288,-1.3049253315944584
0.49235188254447326,-0.33751061444128533,0.651238746190983,2.6138725296334484,-1.3677510818135188,-1.3062103412711008
0.4917942929538861,-0.33675639310255856,0.6506053955836975,2.614553631445993,-1.368316251485835,-1.3074934013116235
0.49123705266227136,-0.3360007026372555,0.6499715840934712,2.6152339635597017,-1.3688833341152582,-1.3087745024622661
0.490680167276361,-0.3352435532778912,0.6493373208642454,2.6159135142387546,-1.369452321431796,-1.310053635478455
0.49012364238300643,-0.33448495528810523,0.6487026150421036,2.61659227180923,-1.370023205108782,-1.3113307911289687
0.48956748354853064,-0.3337249189600053,0.6480674757733453,2.617270224660555,-1.3705959767661853,-1.3126059601909774
0.4890116963184088,-0.3329634546143646,0.6474319122045222,2.6179473612457587,-1.371170627970104,-1.3138791334534408
0.4884562862169921,-0.33220057260113744,0.6467959334826894,2.618623670081607,-1.3717471502318388,-1.315150301721433
0.4879012727536658,-0.33143628060607894,0.64615954680044,2.619299141994552,-1.3723255421635183,-1.3164194416681512
0.4873466611942856,-0.33067065489052033,0.6455228151899695,2.619973708063493,-1.3729057298958212,-1.3176864910863941
0.486792415376577,-0.32990358234525874,0.6448856459069505,2.620647465469225,-1.3734878137422457,-1.3189515894822144
0.48623856856418746,-0.3291351337958379,0.6442480980429717,2.621320349847858,-1.3740717341768622,-1.320214646237479
0.4856851261698414,-0.32836531972455635,0.6436101807370207,2.621992350044666,-1.3746574824520381,-1.3214756522370117
0.485132093582449,-0.32759415063397707,0.6429719031220134,2.6226634549738326,-1.3752450497761222,-1.3227345983706513
0.4845795000008595,-0.32682163274356835,0.6423332711097256,2.623333657452776,-1.375834439271858,-1.3239914520062703
0.48402737340460655,-0.3260478850416333,0.6416943826066528,2.6240028526993866,-1.3764255415489126,-1.325246090659109
0.4834756704749661,-0.3252728113752043,0.641055158836874,2.6246711225951125,-1.3770184380001815,-1.3264986474798643
0.4829243965936638,-0.3244964224454629,0.6404156090115904,2.6253384562144637,-1.3776131195675032,-1.3277491132234058
0.48237355711433727,-0.32371872897134707,0.639775742332966,2.6260048427056084,-1.378209577148903,-1.3289974786715988
0.48182315736246206,-0.32293974168970224,0.6391355679942121,2.626670271290365,-1.378807801598354,-1.3302437346351705
0.48127320263511786,-0.3221594713538814,0.6384950951786226,2.6273347312647743,-1.3794077837276313,-1.3314878719509904
0.48072369820109273,-0.3213779287356359,0.6378543330608331,2.6279982119984338,-1.3800095143037299,-1.3327298814891437
0.4801746493005097,-0.3205951246222853,0.6372132908048904,2.6286607029355915,-1.38061298405265,-1.333969754145923
0.4796260611447516,-0.3198110698167874,0.6365719775642864,2.629322193595141,-1.381218183659269,-1.3352074808454795
0.479077938916459,-0.3190257751385412,0.6359304024824839,2.6299826735703498,-1.3818251037662368,-1.3364430525436448
0.47853028776926587,-0.318239251421568,0.635288574691673,2.63064213252955,-1.3824337349763955,-1.3376764602239706
0.47798311282771566,-0.3174515095144043,0.6346465033126867,2.631300560216179,-1.3830440678529026,-1.3389076948988174
0.47743641918721735,-0.3166625602804844,0.6340041974552455,2.631957946448655,-1.383656092918689,-1.3401367476119594
0.47689021191382164,-0.31587241459659887,0.6333616662169073,2.6326142811209263,-1.384269800658512,-1.3413636094354024
0.47634449604416895,-0.3150810833531116,0.6327189186831985,2.6332695542023963,-1.3848851815186474,-1.342588271471495
0.47579927658545307,-0.3142885774543467,0.6320759639278664,2.633923755737772,-1.3855022259063363,-1.3438107248555278
0.47525457230680246,-0.3134949057470006,0.6314328093051009,2.6345768781177052,-1.3861209307961677,-1.3450309479501543
0.4747104014084682,-0.31270014304800825,0.6307895155988774,2.635228858082281,-1.3867412266526202,-1.3462488662223704
0.4741667416790607,-0.3119042386362258,0.6301460418295695,2.6358797372667206,-1.3873631568063356,-1.3474645497737785
0.47362359800534426,-0.31110720346002685,0.6295023970154352,2.636529506022139,-1.3879867115230364,-1.348677989860011
0.47308097524398374,-0.31030904847820306,0.628858590160537,2.6371781547760373,-1.388611881034123,-1.3498891777662285
0.47253887822157736,-0.30950978466101664,0.6282146302554388,2.637825674031902,-1.3892386555352265,-1.3510981048117465
0.4719973117372791,-0.3087094229868117,0.6275705262748534,2.6384720543706637,-1.389867025191626,-1.3523047623398252
0.4714562808803269,-0.3079079744150337,0.626926287152914,2.6391172864908166,-1.3904969802694058,-1.3535091414286433
0.4709157909898827,-0.3071054513841579,0.6262819229935568,2.6397613599538534,-1.3911285096112758,-1.3547112317081216
0.4703758467207324,-0.30630186483648103,0.6256374426715876,2.640404265631629,-1.3917616033294617,-1.3559110247349966
0.4698364526956107,-0.3054972257203983,0.6249928550445629,2.6410459944741738,-1.3923962515062362,-1.357108512103054
0.4692976135050757,-0.30469154498869006,0.6243481689516663,2.641686537510116,-1.3930324441963033,-1.3583036854389143
0.46875933370751577,-0.30388483359816304,0.6237033932134981,2.6423258858466294,-1.3936701714273545,-1.3594965364018015
0.46822161782929816,-0.30307710251083386,0.623058536632886,2.6429640306688778,-1.394309423198527,-1.3606870566879796
0.4676844703646523,-0.3022683626920476,0.622413607993662,2.64360096324045,-1.394950189483046,-1.3618752380258332
0.46714789577575955,-0.3014586251108053,0.6217686160609097,2.644236674903063,-1.3955924602278598,-1.3630610721775975
0.4666118984928138,-0.3006479007397788,0.6211235695810036,2.6448711570763663,-1.3962362253537133,-1.3642445509401036
0.4660764829139681,-0.2998362005538074,0.6204784772806415,2.645504401258215,-1.396881474757296,-1.3654256661408615
0.46554165340558473,-0.29902353553202876,0.6198333478682931,2.6461363990237845,-1.3975281983084258,-1.3666044096451653
0.46500741430207837,-0.29820991665504,0.6191881900323493,2.6467671420262584,-1.3981763858540406,-1.3677807733480354
0.4644737699060584,-0.2973953549056288,0.61854301244164,2.6473966219963696,-1.3988260272172992,-1.368954749177016
0.4639407244884328,-0.2965798612689252,0.6178978237455715,2.6480248307421275,-1.3994771121974954,-1.3701263290931491
0.4634082822885186,-0.2957634467327014,0.6172526325743597,2.6486517601484976,-1.4001296305697564,-1.3712955050923998
0.46287644751390555,-0.29494612228455486,0.6166074475372012,2.649277402178035,-1.4007835720890103,-1.3724622691975914
0.46234522434082104,-0.29412789891524216,0.6159622772245137,2.649901748869619,-1.4014389264855547,-1.3736266134690112
0.4618146169139443,-0.2933087876152091,0.6153171302056779,2.650524792339276,-1.4020956834699103,-1.3747885299943539
0.46128462934665926,-0.29248879937652433,0.6146720150303526,2.651146524779341,-1.4027538327303064,-1.3759480108950488
0.4607552657211187,-0.2916679451925266,0.6140269402282748,2.651766938458328,-1.403413363933275,-1.377105048325686
0.4602265300881099,-0.29084623605491233,0.6133819143073755,2.6523860257215475,-1.4040742667277581,-1.3782596344656186
0.45969842646751014,-0.2900236829583343,0.612736945756843,2.6530037789894907,-1.4047365307389312,-1.3794117615334895
0.45917095884797865,-0.2892002968953105,0.612092043043805,2.6536201907590917,-1.4054001455752827,-1.3805614217722109
0.45864413118726644,-0.2883760888590558,0.6114472146152252,2.6542352536026437,-1.406065100824856,-1.381708607458144
0.45811794741218304,-0.2875510698419393,0.6108024688969214,2.6548489601679996,-1.4067313860574617,-1.3828533108969538
0.45759241141871154,-0.2867252508359195,0.6101578142938808,2.655461303178204,-1.4073989908241922,-1.383995524425552
0.4570675270720477,-0.28589864283201094,0.6095132591899413,2.6560722754314,-1.4080679046582492,-1.38513524041107
0.45654329820660466,-0.28507125681938117,0.6088688119472274,2.6566818698008436,-1.408738117076276,-1.3862724512487836
0.4560197286261438,-0.2842431037861178,0.6082244809066832,2.657290079234442,-1.4094096175774011,-1.3874071493651476
0.45549682210379494,-0.2834141947186624,0.6075802743877259,2.6578968967546763,-1.410082395644093,-1.388539327216833
0.45497458238205724,-0.2825845406009874,0.6069362006877332,2.658502315458594,-1.4107564407433693,-1.3896689772889843
0.45445301317288944,-0.28175415241505264,0.6062922680823686,2.6591063285174443,-1.4114317423262486,-1.3907960920974483
0.4539321181576357,-0.28092304113910943,0.605648484824493,2.659708929176919,-1.4121082898301407,-1.3919206641844841
0.45341190102694684,-0.2800912177472497,0.6050048591419932,2.660310110763342,-1.4127860726919785,-1.3930426860969143
0.4528923657598516,-0.27925869337620324,0.6043613993606214,2.6609098665822133,-1.4134650802738775,-1.3941621499970376
0.45237351649551183,-0.27842548033787556,0.6037181147119837,2.661508189106861,-1.4141453007750815,-1.395279046972168
0.45185535682701117,-0.27759158966096703,0.60307501340445,2.6621050718421886,-1.414826723521986,-1.3963933696126478
0.45133789031508975,-0.276757032369448,0.6024321036224976,2.662700508368469,-1.4155093378272856,-1.397505110550518
0.4508211204878956,-0.275921819478879,0.6017893935243284,2.663294492342108,-1.4161931329950468,-1.3986142624495772
0.45030505084094186,-0.2750859619955304,0.6011468912413256,2.663887017495635,-1.4168780983219316,-1.399720818004034
0.4497896715548251,-0.27424947183360526,0.6005046061675319,2.664478075183534,-1.417564217583569,-1.4008247800465514
0.4492749743801969,-0.27341229584084137,0.5998624960485288,2.6650677079915788,-1.4182515422656707,-1.4019262029151944
0.44876098779107476,-0.272574508148273,0.5992206180278501,2.665655863400291,-1.418940005100661,-1.4030250073327726
0.4482477151534132,-0.27173611972853196,0.5985789801323251,2.6662425354427484,-1.4196295953518292,-1.4041211861302318
0.4477351598006569,-0.2708971415454712,0.597937590362422,2.6668277182268243,-1.4203203022744102,-1.405214732177235
0.44722332503353845,-0.2700575845507396,0.5972964566900583,2.667411405935808,-1.4210121151203197,-1.406305638372926
0.44671221412032747,-0.26921745968720273,0.5966555870608441,2.6679935928272824,-1.4217050231334527,-1.407393897657817
0.4462018302964723,-0.26837677788295916,0.5960149893902409,2.668574273234366,-1.422399015557954,-1.4084795029966157
0.44569217676503525,-0.2675355500576189,0.595374671567654,2.669153441563876,-1.4230940816295643,-1.409562447398949
0.44518325669635006,-0.2666937871165103,0.5947346414527199,2.6697310922975097,-1.4237902105836326,-1.4106427239027703
0.444675073228177,-0.26585149995254415,0.5940949068765411,2.6703072199911033,-1.4244873916525613,-1.4117203255814075
0.4441676294657544,-0.2650086994464972,0.5934554756419055,2.6708818192742974,-1.4251856140654267,-1.4127952455457597
0.4436609284816675,-0.2641653964643567,0.5928163555216046,2.671454884850902,-1.4258848670516637,-1.4138674769373596
0.44315497331594544,-0.26332160185823034,0.5921775542590582,2.6720264114983965,-1.426585139839827,-1.4149370129324805
0.44264976697616776,-0.26247732646742694,0.5915390795690452,2.672596394067389,-1.42728642165611,-1.4160038467467606
0.44214531243725386,-0.2616325811144032,0.590900939135129,2.6731648274822986,-1.4279887017299697,-1.417067971623918
0.44164161264172286,-0.2607873766082482,0.590263140611939,2.6737317067402393,-1.4286919692893194,-1.4181293808478321
0.44113864729198493,-0.25994172471097793,0.5896256936890012,2.6742970223905016,-1.429396204457681,-1.419188083985756
0.44063639906967067,-0.2590955230395118,0.5889885181818164,2.6748608524510193,-1.4301015071842111,-1.420244180848641
0.44013491244967096,-0.2582488911409856,0.5883517049887788,2.675423115546794,-1.430807768083078,-1.4212975454935106
0.4396341901755476,-0.25740183962491464,0.5877152615487382,2.6759838070328934,-1.4315149765113373,-1.4223481714666484
0.4391342349564398,-0.25655437908135853,0.5870791952678158,2.6765429223378776,-1.4322231218308454,-1.4233960523596034
0.43863506249820317,-0.2557065196334198,0.586443512384893,2.6771004595453882,-1.432932198443149,-1.4244411729014101
0.4381366862321219,-0.25485833553634896,0.5858082695180833,2.677656367981566,-1.4336421330608662,-1.4254834675443546
0.4376390718090484,-0.2540097744849284,0.5851734268662654,2.6782106846170577,-1.4343529676087816,-1.4265230073140276
0.4371422110919876,-0.25316078331709363,0.5845389425182386,2.6787634511979177,-1.4350647541837929,-1.4275598449399185
0.43664613045441136,-0.25231143571935527,0.5839048718312729,2.6793146198475433,-1.4357774246126045,-1.4285939060082842
0.43615083239659613,-0.25146174213619776,0.5832712219974729,2.6798641864362978,-1.4364909683242597,-1.4296251843346666
0.43565631938398264,-0.2506117129897086,0.5826380001746088,2.680412146906833,-1.4372053747560922,-1.4306536737850548
0.4351625938467647,-0.24976135867308252,0.5820052134820108,2.6809584972752236,-1.4379206333626477,-1.431679368257807
0.4346696581799505,-0.2489106895524909,0.5813728690018065,2.6815032336302904,-1.43863673361298,-1.4327022616916905
0.4341775147433742,-0.24805971596840082,0.5807409737798066,2.682046352133054,-1.4393536649887007,-1.4337223480722554
0.43368616586133246,-0.24720844822979576,0.5801095348218634,2.6825878490176867,-1.440071416991897,-1.4347396214160886
0.4331956138227677,-0.2463568966187341,0.5794785590968243,2.683127720590283,-1.4407899791386685,-1.4357540757873706
0.4327058608810037,-0.2455050713866999,0.5788480535342502,2.683665963229356,-1.4415093409640651,-1.4367657052888874
0.4322169092536692,-0.24465298275441644,0.5782180250243438,2.68420257338561,-1.4422294920222105,-1.437774504063879
0.4317287611225815,-0.24380064091115833,0.5775884804175611,2.684737547581815,-1.4429504218871099,-1.4387804662963906
0.43124141863370413,-0.24294805601549485,0.5769594265251277,2.685270882412393,-1.4436721201514573,-1.4397835862161532
0.43075488389686933,-0.24209523819168713,0.5763308701167988,2.6858025745438914,-1.444394576431491,-1.4407838580899366
0.4302691589857446,-0.24124219753089104,0.5757028179216723,2.686332620714475,-1.4451177803651403,-1.4417812762279927
0.42978424593770237,-0.24038894409064968,0.5750752766279126,2.686861017733781,-1.4458417216125519,-1.4427758349852484
0.4293001467535915,-0.23953548789266077,0.5744482528813837,2.6873877624831035,-1.4465663898589995,-1.4437675287571416
0.42881686339767144,-0.23868183892380201,0.5738217532863468,2.6879128519149513,-1.4472917748132568,-1.4447563519857576
0.42833438501107235,-0.23782800715305816,0.5731957854013268,2.688436280333471,-1.4480178616375943,-1.4457423069067483
0.42785270361234806,-0.236973939504884,0.5725703076817676,2.6889580886482687,-1.4487447028388964,-1.4467254448060913
0.4273718438421783,-0.2361197088117642,0.5719453737577911,2.6894782326770366,-1.4494722301247878,-1.4477056953030907
0.4268918075166521,-0.23526532490793906,0.5713209900592982,2.6899967096572093,-1.4502004333151215,-1.4486830530075676
0.426412596414389,-0.2344107975907801,0.5706971629735271,2.6905135168966923,-1.4509293022548628,-1.4496575125857023
0.42593421227599837,-0.23355613661339436,0.570073898840431,2.691028651775034,-1.4516588268241364,-1.4506290687403127
0.425456656804053,-0.23270135168833447,0.5694512039550692,2.691542111742522,-1.4523889969327297,-1.4515977162262084
0.42497993166267944,-0.23184645248355437,0.5688290845651052,2.6920538943207255,-1.4531198025254266,-1.4525634498412618
0.4245040384774015,-0.2309914486240185,0.5682075468718681,2.692563997102013,-1.4538512335794074,-1.45352626443545
0.42402897883466295,-0.23013634968680682,0.567586597027322,2.6930724177502485,-1.4545832801107337,-1.454486154899529
0.4235547542817515,-0.2292811652053403,0.5669662411367675,2.693579153999859,-1.455315932168048,-1.4554431161826398
0.4230813663261368,-0.22842590466107046,0.5663464852536677,2.6940842036571433,-1.4560491798437967,-1.4563971432705312
0.42260881643549064,-0.2275705774908405,0.5657273353843177,2.694587564598824,-1.4567830132634945,-1.4573482312134232
0.4221371021250091,-0.22671519300612133,0.5651087977670988,2.695089233902623,-1.4575174212690871,-1.4582963772827902
0.42166622472400705,-0.22585974127418523,0.5644908634808348,2.6955892233092364,-1.4582524144146845,-1.4592415921440707
0.4211961973842744,-0.2250042649363941,0.563873563046096,2.696087509860838,-1.4589879519394091,-1.460183837709312
0.42072702167010423,-0.22414877376140835,0.5632569026191947,2.6965840914905574,-1.459724023651984,-1.4611231087737482
0.42025869911497393,-0.2232932774868111,0.5626408883185596,2.6970789661935792,-1.4604606193843148,-1.4620594001730105
0.41979123122152195,-0.22243778581648677,0.5620255262231686,2.6975721320272132,-1.4611977289951685,-1.4629927067758912
0.419324619461642,-0.22158230842073148,0.5614108223726926,2.6980635871105116,-1.4619353423700296,-1.46392302348575
0.41885884451215416,-0.22072685434225364,0.5607967842280055,2.698553324884464,-1.4626734425623624,-1.4648503562809891
0.41839389153574036,-0.2198713305156316,0.5601833405443906,2.6990414118331314,-1.4634121224280736,-1.4657747906967844
0.4179297951593144,-0.2190158425779686,0.5595705680038787,2.699527786405827,-1.464151282192099,-1.4666962271846231
0.41746655654809217,-0.21816039969388212,0.5589584722408405,2.7000124471311135,-1.464890912179892,-1.467614661112498
0.4170041768246655,-0.21730501096932556,0.5583470588339743,2.700495392608469,-1.465631002766374,-1.4685300879073646
0.4165426570680384,-0.21644968544784587,0.5577363333039678,2.7009766215090623,-1.4663715443801901,-1.469442503052204
0.41608199831265225,-0.21559443210876947,0.557126301112352,2.7014561325762725,-1.4671125275051757,-1.4703519020899063
0.41562219935702727,-0.21473925977956249,0.5565169678085791,2.7019339241137947,-1.4678539419801482,-1.4712582817327367
0.4151632568423511,-0.21388416636192592,0.5559083307982493,2.7024100014920993,-1.4685957884684913,-1.4721616484220053
0.4147051706001039,-0.21302915764622157,0.5553003932136524,2.7028843653914527,-1.469338060423592,-1.4730620006732074
0.41424795382800195,-0.21217424244238087,0.5546931591515001,2.703357017974775,-1.4700807529412927,-1.4739593284164962
0.41379161934073805,-0.2113194911071923,0.5540866796476676,2.70382791876192,-1.4708237955648482,-1.474853572567983
0.41333615276880264,-0.21046486742802512,0.5534809270869281,2.7042970940912063,-1.4715672212266013,-1.4757447720560402
0.4128815550021656,-0.20961038023504724,0.5528759067279614,2.7047645430449223,-1.4723110205393135,-1.4766329225349129
0.4124278145082365,-0.20875603768914894,0.5522716245841361,2.7052302617988597,-1.4730551803204635,-1.4775180256213312
0.4119749238194812,-0.2079017873029297,0.5516680401122831,2.7056942893411406,-1.473799753409833,-1.478400129542931
0.4115229045112643,-0.20704769959351826,0.5510652034209991,2.70615658787881,-1.4745446723242905,-1.479279171259746
0.4110717555353083,-0.2061937830662621,0.5504631196704963,2.706617156317828,-1.4752899273325615,-1.480155147457732
0.41062147500709756,-0.20534003736875392,0.5498617873717984,2.707075999414344,-1.4760355178380642,-1.4810280622173424
0.4101720642101716,-0.20448647287188326,0.5492612128511927,2.7075331154623394,-1.476781432984613,-1.4818979096450722
0.4097235237106456,-0.2036330978633272,0.5486614009127533,2.7079885040195544,-1.4775276638769999,-1.4827646858126213
0.4092758540540733,-0.2027799205545699,0.5480623562927194,2.708442164720086,-1.478274201698361,-1.4836283868421032
0.408829055964266,-0.20192694922009213,0.5474640837435163,2.7088940972365507,-1.4790210376341986,-1.484489008716682
0.40838313872641807,-0.20107419349114503,0.546866588093712,2.709344302839387,-1.4797681645462157,-1.4853465429817985
0.4079380997966733,-0.2002217028503823,0.5462699056098781,2.709792752441084,-1.4805155284676002,-1.4862009540457723
0.40749392029287757,-0.1993694012981923,0.5456739793461185,2.710239497223647,-1.4812632033648707,-1.487052312787599
0.40705061538208565,-0.1985173393604916,0.5450788444270116,2.710684512506606,-1.4820111406305296,-1.4879005757172075
0.4066081879667971,-0.19766552910703794,0.5444845081621261,2.7111277962135114,-1.4827593282143963,-1.4887457349258533
0.4061666393479073,-0.1968139845403492,0.543890979475756,2.711569344554723,-1.4835077514174055,-1.4895877815965444
0.40572597752926987,-0.19596270908790672,0.5432982585194246,2.712009162923652,-1.4842564092861534,-1.4904267129469333
0.4052862096580476,-0.19511175693287713,0.5427063838101287,2.7124472224911416,-1.4850052463182453,-1.4912624861539552
0.4048473113515083,-0.19426109340476158,0.5421153303966031,2.712883544568882,-1.4857542904442456,-1.4920951404246536
0.404409275625075,-0.19341067170065968,0.5415250622991112,2.7133181635534482,-1.486503588969205,-1.492924718070948
0.40397212080948863,-0.19256055290119917,0.5409356219328765,2.7137510494298582,-1.4872530831132502,-1.4937511666474421
0.4035358486275027,-0.19171074903920607,0.5403470165918063,2.714182200085683,-1.4880027604561423,-1.4945744787368385
0.4031004640597553,-0.19086126894077604,0.5397592507484668,2.7146116166117813,-1.4887526132016942,-1.495394648427531
0.4026659669866528,-0.1900121425448047,0.5391723453283896,2.715039284560141,-1.4895026090929218,-1.4962116547363162
0.40223234561292465,-0.18916333957582876,0.5385862773667589,2.7154652257885603,-1.4902527760585527,-1.4970255282862748
0.40179960065181675,-0.1883148688010978,0.5380010517977682,2.7158894400828815,-1.4910031048301517,-1.4978362644372236
0.40136774480869697,-0.18746673988581788,0.5374166727591336,2.716311930498645,-1.4917535895695044,-1.4986438541613036
0.40093678562583435,-0.18661902067667788,0.5368331886018853,2.7167326602471804,-1.4925041602090914,-1.4994482440244337
0.40050670072899797,-0.18577165835582374,0.5362505607710499,2.71715166255349,-1.493254865007391,-1.500249485465984
0.400077497900611,-0.18492464490266197,0.5356687807046032,2.717568950618438,-1.4940057152987651,-1.5010475850503022
0.39964918280076756,-0.18407805137735345,0.5350878993000223,2.717984485161542,-1.4947566368616154,-1.5018424873272125
0.39922173895229207,-0.18323181141138623,0.5345078672620105,2.7183983098439843,-1.4955076947156947,-1.5026342522114389
0.3987951767951192,-0.18238596732823428,0.5339287133510986,2.718810405835744,-1.4962588472051586,-1.503422845612315
0.3983694989885005,-0.18154052386253433,0.5333504391196406,2.719220776471321,-1.497010090133264,-1.5042082655680247
0.39794471053976466,-0.1806955064042768,0.5327730612331725,2.719629412466162,-1.49776139800092,-1.5049904931825098
0.39752080558148295,-0.17985091874683667,0.5321965815717256,2.7200363150486635,-1.4985127644992253,-1.5057695295812465
0.3970977868210257,-0.1790067450683537,0.5316209862953241,2.7204415010077794,-1.4992642075341445,-1.5065453890913376
0.3966756590925229,-0.17816304307404285,0.5310463161207979,2.7208449402363972,-1.500015666842179,-1.5073180273936162
0.39625440592434025,-0.17731976458283039,0.5304725355380451,2.7212466640126975,-1.500767188069534,-1.5080874891619038
0.39583404157320023,-0.17647692263589576,0.5298996507377234,2.721646674332961,-1.501518762391439,-1.5088537630046002
0.39541457459199725,-0.17563458800559834,0.5293277115525277,2.722044934247611,-1.5022703168416796,-1.5096167935721285
0.3949959883875489,-0.17479271146150308,0.5287566817549609,2.72244147552995,-1.5030218981956414,-1.510376626152499
0.39457828679928175,-0.17395130558764063,0.5281865684789788,2.722836297082939,-1.5037734943063594,-1.5111332523214427
0.39416147132354196,-0.17311038925716687,0.5276173838103211,2.7232293930421236,-1.5045250854032994,-1.5118866592929312
0.39374552925964945,-0.17226995850464472,0.5270491247540527,2.7236207672231028,-1.505276671077665,-1.5126368552683
0.39333045893050667,-0.17142997470874868,0.5264817611674493,2.7240104493015997,-1.5060282922659465,-1.5133838732042353
0.39291628582514315,-0.17059051002820486,0.5259153414189284,2.7243984079099928,-1.5067798806821653,-1.5141276533763235
0.3925030085773722,-0.16975160031557088,0.5253498904406253,2.7247846256630925,-1.507531397226234,-1.514868170439807
0.39209061554088187,-0.1689132020741879,0.5247853757678671,2.72516913193345,-1.508282884444844,-1.5156054633667344
0.39167910008976214,-0.16807534138147862,0.5242218158367762,2.725551913583013,-1.5090343118516838,-1.5163395151918375
0.3912684527528336,-0.16723796342495292,0.5236591696381767,2.7259330075941675,-1.5097857350350725,-1.517070372868654
0.3908587018578591,-0.16640112576155677,0.5230974740689169,2.7263123935227584,-1.5105371024305758,-1.5177979884108996
0.39044984223886914,-0.16556490087396805,0.5225367815494584,2.726690029746498,-1.5112883340797456,-1.5185223083239536
0.3900418468495763,-0.16472916986763492,0.5219770062166142,2.727065987099816,-1.5120395482215232,-1.5192434326327962
0.38963473172038343,-0.16389399685819142,0.5214181914016156,2.727440236820197,-1.5127906817043717,-1.5199613105416954
0.3892284949557756,-0.16305938403210682,0.5208603371712255,2.7278127826508296,-1.5135417315393984,-1.5206759428452519
0.3888231355701257,-0.1622253371891993,0.5203034461271927,2.7281836264021635,-1.514292691183244,-1.5213873273345258
0.388418664077244,-0.16139186277018883,0.5197475196888559,2.728552773795565,-1.5150435576164116,-1.5220954597137255
0.3880150849128978,-0.16055902270232825,0.5191926009329768,2.728920193825859,-1.5157942657387897,-1.5228002933275053
0.38761237963157846,-0.15972676375004036,0.5186386514511003,2.7292859186893073,-1.5165448663002499,-1.5235018745560769
0.3872105472893943,-0.15889509134639088,0.5180856735498176,2.729649950458233,-1.5172953531963083,-1.5242002013508422
0.38680958701785606,-0.158064011081846,0.5175336696341939,2.730012291144597,-1.5180457201855513,-1.5248952715218966
0.38640949801680424,-0.1572335286841801,0.5169826421942805,2.7303729427077927,-1.5187959609108106,-1.5255870827312152
0.38601029138915965,-0.15640365168892334,0.5164325932837002,2.730731910581628,-1.5195460714187772,-1.5262756300168314
0.38561197161740335,-0.1555744431948168,0.5158835666149484,2.731089163543395,-1.5202959853286488,-1.5269608660258425
0.38521452066941775,-0.15474584947936465,0.5153355235622019,2.7314447337056547,-1.521045754185631,-1.5276428365770265
0.3848179426893723,-0.15391787825394496,0.5147884673014658,2.731798623775011,-1.52179537131909,-1.5283215373113004
0.3844222455900561,-0.15309055826474827,0.5142424158049601,2.7321508251114244,-1.522544808707065,-1.5289969473191094
0.3840274314748111,-0.15226390579244647,0.5136973787350638,2.7325013345799363,-1.523294049663974,-1.5296690560333326
0.383633491728268,-0.1514379249113003,0.5131533584267784,2.732850152330471,-1.5240430867851922,-1.530337863150801
0.38324041900965433,-0.15061258437511316,0.5126103312533141,2.7331973004631287,-1.5247919513287844,-1.5310033954919837
0.3828482305002425,-0.14978791348926218,0.5120683140954851,2.733542773863597,-1.5255406180522675,-1.531665631348658
0.38245693032237016,-0.14896397412623172,0.5115273494834851,2.733886542682219,-1.5262890217117764,-1.5323245248744997
0.3820664996966219,-0.14814071388931116,0.5109874000948369,2.734228637319148,-1.5270372122871803,-1.5329801199044208
0.38167693332475183,-0.14731813203926522,0.5104484642838387,2.7345690620336702,-1.527785188837887,-1.5336324192544395
0.3812882347596256,-0.1464962220387195,0.5099105348262769,2.7349078281183354,-1.5285329599324002,-1.5342814298045186
0.3809004127499782,-0.14567503003314225,0.5093736420004271,2.735244917260024,-1.5292804790259513,-1.5349271176741377
0.38051346360953353,-0.14485455149183055,0.5088377810991533,2.7355803367598397,-1.5300277498747328,-1.5355694886523708
0.3801273793419342,-0.14403479141695544,0.5083029550375386,2.7359140863754488,-1.5307747643634504,-1.5362085411288344
0.37974215540893397,-0.14321572060485943,0.5077691413715149,2.736246187719063,-1.5315215526792272,-1.5368442996601528
0.37935779657295665,-0.14239737621441342,0.5072363643794253,2.736576626440584,-1.5322680765540708,-1.537476737490705
0.37897430967407697,-0.14157974873259138,0.5067046140984537,2.736905417069213,-1.533014349003236,-1.5381058639896514
0.37859169287022576,-0.140762902631825,0.5061739355467947,2.7372325264753337,-1.5337602997587712,-1.5387316316790733
0.3782099258567637,-0.13994675374672458,0.5056442690059006,2.7375580023400308,-1.534506012860556,-1.5393541071248917
0.3778290246028235,-0.13913133935643815,0.505115636962042,2.737881835090669,-1.5352514539784496,-1.5399732637447825
0.3774489875795868,-0.13831670372044916,0.5045880696728,2.738204003894507,-1.5359965748524822,-1.540589069582075
0.3770698053990307,-0.13750279444988542,0.5040615287774823,2.738524541841109,-1.5367414291144719,-1.541201566585549
0.3766914897876763,-0.1366896571744985,0.5035360433507441,2.7388434329295457,-1.537485971825952,-1.5418107221116524
0.3763140417403936,-0.13587730465188197,0.5030116203966322,2.7391606761815965,-1.538230189778652,-1.5424165285745295
0.3759374600294496,-0.13506574182729517,0.5024882616269759,2.739476274306436,-1.5389740774311544,-1.543018984311597
0.3755617245922651,-0.13425497000092276,0.501965969238062,2.739790224031016,-1.539717626402173,-1.5436180893359384
0.375186831321324,-0.13344490595262626,0.5014446819737863,2.7401025782944544,-1.5404609257664394,-1.5442139087470979
0.3748127996650994,-0.13263566316727984,0.5009244763522687,2.7404132850109293,-1.5412038597666498,-1.5448063589175176
0.37443961783859336,-0.1318271984899981,0.5004053212239814,2.740722370381554,-1.5419464712602136,-1.5453954740081375
0.37406728727665906,-0.13101953017876117,0.4998872274603299,2.7410298303943277,-1.5426887412694685,-1.5459812421008912
0.37369580720680284,-0.13021265783329353,0.49937019286929596,2.7413356709808294,-1.543430670266092,-1.546563665371916
0.37332518954850613,-0.12940659776222926,0.498854225103575,2.7416398939770366,-1.544172245155857,-1.5471427344835706
0.3729554319467976,-0.1286014031750983,0.4983393606408719,2.7419424736972613,-1.5449134076451494,-1.5477184109725215
0.37258651361866546,-0.12779700510172623,0.49782555145331964,2.7422434469936183,-1.5456542254536625,-1.5482907472162817
0.37221843655800946,-0.12699341156144547,0.4973128009335648,2.742542816078789,-1.5463946909408277,-1.5488597391116685
0.3718512110038521,-0.1261906406247699,0.4968011182305263,2.7428405811207845,-1.5471347885052023,-1.5494253759998076
0.37148483541951016,-0.12538873496546088,0.49629053205783413,2.7431367230123365,-1.5478744715921176,-1.5499876274429218
0.371119299081867,-0.12458764590774875,0.49578100735916375,2.743431270990325,-1.5486137895728544,-1.550546530946296
0.3707546097734915,-0.12378740388709697,0.49527256248305807,2.7437242171572493,-1.549352712533607,-1.55110206642324
0.3703907654346361,-0.12298802333432925,0.4947652059941037,2.7440155584480372,-1.5500912244157974,-1.5516542247313523
0.37002776196678777,-0.12218949156942635,0.49425892745637645,2.744305306347901,-1.5508293378931817,-1.5522030168708645
0.36966560598173537,-0.12139182351515022,0.4937537342611513,2.7445934614685052,-1.5515670394773207,-1.5527484345956821
0.3693042857440778,-0.12059504627333213,0.4932496456613986,2.7448800091787535,-1.5523042958980446,-1.553290457740081
0.36894379307738845,-0.11979908314132125,0.4927466063802681,2.7451649952898594,-1.553041187997617,-1.5538291445507897
0.3685841441019808,-0.11900401360527402,0.4922446680826502,2.7454483882150993,-1.553777635506368,-1.5543644398506637
0.36822532581432954,-0.11820982717551969,0.4917438234775029,2.7457301940191075,-1.5545136455872242,-1.5548963513142373
0.36786733734366983,-0.11741649107065134,0.4912440473267352,2.7460104368328584,-1.5552492539750633,-1.5554249052568503
0.36751018533409807,-0.11662406099179035,0.4907453759106606,2.746289094444086,-1.5559844028623264,-1.555950063116103
0.36715386013243734,-0.11583251240865819,0.4902477914133134,2.746566182245731,-1.5567191159053826,-1.5564718434078801
0.3667983703248412,-0.11504184844361874,0.4897512923967611,2.7468417085783914,-1.5574533931600327,-1.5569902474649233
0.366443716864727,-0.11425212314410596,0.489255914846896,2.7471156497959086,-1.558187176575372,-1.557505237241848
0.3660898837188902,-0.11346328581134711,0.4887616235937864,2.747388032802627,-1.5589205160513204,-1.5580168492427882
0.3657368710381461,-0.1126753397714361,0.4882684188653028,2.7476588618269044,-1.559653408457728,-1.558525082856822
0.36538468234794186,-0.11188829860591905,0.4877763075133619,2.7479281370260304,-1.5603858406940367,-1.5590299306661368
0.36503331933251326,-0.11110217884429693,0.48728529877502824,2.74819585611595,-1.561117795796505,-1.5595313827732715
0.36468278022124334,-0.11031698379749175,0.4867953931576703,2.748462022536292,-1.5618492699696502,-1.5600294383655144
0.3643330625220491,-0.10953271656243226,0.48630659114924324,2.7487266394916903,-1.5625802594037352,-1.5605240965887865
0.3639841653179481,-0.10874937737172555,0.48581889092702824,2.7489897125184064,-1.5633107639656694,-1.5610153590851819
0.3636360872983122,-0.10796697740450716,0.4853322984529518,2.7492512409330163,-1.5640407714706919,-1.5615032193014737
0.36328882468145585,-0.10718551184818222,0.4848468088764706,2.7495112316526247,-1.56477028628589,-1.5619876818476408
0.3629423754883758,-0.10640498416670188,0.48436242284920517,2.749769687893529,-1.5654993044060375,-1.5624687456389026
0.36259673267496106,-0.10562539499664403,0.48387913998472043,2.7500266119259016,-1.5662278231452387,-1.5629464102242523
0.3622519018984556,-0.10484672725762689,0.48339694507734254,2.7502820218890194,-1.566955863553666,-1.5634206917058542
0.3619078845242334,-0.1040690448217358,0.4829158805649465,2.75053588970317,-1.5676833570005373,-1.5638915455538094
0.3615646674987434,-0.10329228936770969,0.48243590579454887,2.750788246783022,-1.5684103629524169,-1.5643590128182554
0.3612222549600288,-0.10251648629417967,0.4819570356619858,2.7510390873754744,-1.5691368556659677,-1.5648230779956573
0.36088064564989564,-0.10174163994047027,0.4814792712844209,2.75128841455606,-1.5698628304633446,-1.5652837395081145
0.36053984915928794,-0.10096775715373973,0.481002613452695,2.7515362354849926,-1.5705882836868916,-1.5657409974569012
0.36019986618674027,-0.10019489100388052,0.4805270969511106,2.7517825280386363,-1.5713131582111257,-1.5661948155838747
0.359860681192111,-0.09942299329318742,0.48005268881647245,2.752027316587921,-1.5720375016757235,-1.5666452262549762
0.35952229399931035,-0.09865206363640466,0.4795793866394429,2.7522706073008734,-1.572761314940585,-1.567092231716203
0.3591847042377103,-0.0978821170551817,0.47910719880021335,2.7525123979887223,-1.5734845820044925,-1.567535822968157
0.35884790868509997,-0.09711314867131732,0.4786361203273679,2.752752695705025,-1.5742073075813823,-1.5679760045283468
0.35851190640925035,-0.09634516424489412,0.4781661532333983,2.7529915029508163,-1.5749294855807854,-1.568412773948882
0.3581766960160233,-0.09557816761909468,0.4776972982766243,2.75322882302581,-1.5756511118457406,-1.5688461300329817
0.35784227898175347,-0.09481216343951135,0.47722955620673124,2.753464660280249,-1.5763721823278818,-1.5692760720869305
0.35750865331656545,-0.09404716799151427,0.47676293653442237,2.7536990111338477,-1.5770926790979125,-1.5697025897805847
0.3571758117628727,-0.0932831663601991,0.47629742810287135,2.7539318858433175,-1.5778126164658952,-1.5701256932803795
0.3568437509912181,-0.09252015617343316,0.47583302773341707,2.7541632899645063,-1.5785319964173887,-1.5705453850507154
0.35651247946658504,-0.09175814190759513,0.4753697346737209,2.7543932315390953,-1.5792508174785191,-1.570961667291532
0.3561820014449437,-0.0909971741915316,0.47490758097431285,2.7546216922207534,-1.5799690263718185,-1.5713745076599925
0.35585230044008576,-0.09023722547408869,0.47444654854873436,2.7548486840752355,-1.5806866480874961,-1.5717839215897504
0.35552337252161204,-0.0894782644362744,0.473986614285526,2.755074227499383,-1.5814037160153551,-1.572189931973136
0.35519522349835286,-0.08872032498139427,0.4735277983097055,2.7552983137710156,-1.5821201956669881,-1.5725925190734669
0.35486785156654976,-0.08796340993910604,0.4730701007153084,2.7555209465330113,-1.582836083883454,-1.5729916823467351
0.35454125491379473,-0.08720752210655006,0.4726135215734515,2.755742129438582,-1.5835513775416559,-1.5733874212742316
0.35421543171844716,-0.08645266424412518,0.47215806092998935,2.755961866151496,-1.5842660735597993,-1.573779735353214
0.3538903801489459,-0.08569883907583835,0.47170371880573825,2.756180160346361,-1.5849801688960887,-1.5741686241040176
0.3535660983629749,-0.08494604928791101,0.47125049519570883,2.7563970157089877,-1.5856936605498004,-1.5745540870724586
0.3532425845064755,-0.08419429752597675,0.4707983900675541,2.7566124359368187,-1.586406545564219,-1.5749361238287634
0.3529198367124775,-0.08344358639138977,0.47034740335950764,2.7568264247394487,-1.5871188210306677,-1.575314733965001
0.35259785192372073,-0.08269391810847612,0.4698975349924801,2.7570389853767763,-1.5878304840602446,-1.5756899167719958
0.3522766236811061,-0.0819452888267011,0.46944878141303814,2.757250122375572,-1.5885415372783205,-1.5760616741255993
0.351956157036867,-0.08119768894435143,0.46900113277115585,2.7574598493759095,-1.5892519934178198,-1.576430017464765
0.35163645084261885,-0.08045116635989476,0.46855461995644365,2.757668147281512,-1.5899618003423335,-1.5767949149537168
0.3513174912310886,-0.07970567370005613,0.46810921107472625,2.757875038811939,-1.5906710057917304,-1.5771563952171126
0.35099928765325217,-0.07896121615157749,0.46766490553036366,2.7580805323982704,-1.5913796078008338,-1.5775144615736751
0.35068183796771324,-0.07821784500759185,0.46722173667040745,2.7582846068139792,-1.592087550195408,-1.5778690794933683
0.35036513801152047,-0.07747550785170663,0.46677966721778774,2.7584872924329082,-1.5927948894519766,-1.5782202857889094
0.35004920244590787,-0.07673426088577084,0.4663387303241875,2.7586885748603476,-1.59350156952662,-1.5785680515413143
0.34973402300424494,-0.07599412228943059,0.46589893782727576,2.758888446547152,-1.5942075683938928,-1.5789123625266717
0.3494195782840275,-0.07525504276375315,0.4654602582465617,2.759086926649213,-1.5949129335225039,-1.5792532439445055
0.34910586538317734,-0.07451699081359399,0.46502266849428553,2.7592840353056474,-1.59561769900085,-1.5795907181551254
0.34879290252795236,-0.07378000619811222,0.46458618965406684,2.759479768559615,-1.5963218278872495,-1.5799247700407293
0.34848069017781924,-0.0730441435537536,0.4641508565792676,2.7596741053899603,-1.5970252611670677,-1.5802553649260225
0.3481692152917093,-0.07230935719924005,0.463716638609029,2.759867067495255,-1.5977280451291407,-1.5805825296057436
0.34785847661651026,-0.07157564985629487,0.4632835356087386,2.7600586588186498,-1.5984301769819393,-1.5809062640063534
0.34754847441853354,-0.0708430269262501,0.4628515489371239,2.760248882828845,-1.5991316514924463,-1.5812265671382584
0.34723920782705786,-0.07011149750938442,0.4624206826946162,2.760437740545048,-1.599832459013339,-1.5815434349014499
0.34693067422492607,-0.06938106116311304,0.4619909348640854,2.760625236750404,-1.6005325997733746,-1.5818568687144459
0.34662287072658193,-0.06865171941378909,0.461562304826284,2.7608113750862544,-1.6012320717678956,-1.582166868469074
0.346315793902062,-0.06792347032276458,0.4611347897338176,2.760996160579827,-1.6019308766145086,-1.5824734360545871
0.34600943741230994,-0.06719631213030013,0.4607083874978002,2.7611795964852304,-1.602629014821633,-1.5827765713724584
0.3457038057347206,-0.06647023316776036,0.46028308700607523,2.761361697039811,-1.6033265011758282,-1.5830762876724063
0.3453988967792845,-0.06574527834886415,0.45985891682263524,2.761542445027437,-1.6040232864757187,-1.5833725560291076
0.34509469751299626,-0.06502140177163553,0.4594358464692503,2.7617218614535752,-1.6047194174280783,-1.5836654017836949
0.34479121399088264,-0.06429860728794344,0.4590138750082633,2.7618999537986566,-1.605414892343673,-1.5839548287157905
0.34448844849321114,-0.06357693210402451,0.45859302479401975,2.7620767112134543,-1.6061096718291272,-1.5842408160546066
0.34418639525118344,-0.06285636027282733,0.4581732840456425,2.7622521441380803,-1.606803772123416,-1.5845233735166981
0.3438850627426038,-0.06213689827693627,0.4577546530062082,2.762426260311425,-1.6074971893743757,-1.5848025052075654
0.34358444931265986,-0.0614185900907648,0.45733715933280017,2.762599043571795,-1.6081898755141362,-1.5850781838048587
0.3432845369395121,-0.060701391828268475,0.4569207751349569,2.762770510723229,-1.6088818735637533,-1.5853504293340914
0.34298532738304344,-0.05998528115056673,0.4565054827598054,2.762940679463429,-1.6095732091385855,-1.5856192604826271
0.3426868278644428,-0.0592703035267972,0.45609130889883276,2.7631095380906125,-1.6102638352998824,-1.5858846549862784
0.34238903593292536,-0.05855645820651007,0.4556782512797275,2.763277091578287,-1.6109537526973932,-1.5861466147308751
0.3420919477098856,-0.057843746963739215,0.45526630964412385,2.7634433428391243,-1.611642958784084,-1.5864051389113483
0.34179554837905,-0.05713215908800291,0.45485547780807933,2.763608294279522,-1.6123314613506219,-1.5866602270308103
0.3414998377341152,-0.056421652760474186,0.45444572556972984,2.763771971578699,-1.6130193067535727,-1.5869119090402637
0.3412048264915333,-0.05571228433279033,0.45403708600575676,2.7639343601587423,-1.6137064371648133,-1.587160158701238
0.3409105075482852,-0.05500405657064007,0.4536295602441809,2.764095460524698,-1.6143928479891514,-1.587404972184304
0.34061687990852496,-0.05429694824301917,0.45322313203358444,2.7642552881070364,-1.6150785627781359,-1.5876463656237978
0.34032394448124625,-0.05359098861191569,0.45281781841684543,2.764413835601198,-1.6157635503526158,-1.5878843238456315
0.34003169916493814,-0.05288616563176278,0.45241360952191023,2.7645711134410242,-1.6164478238634041,-1.588118856294376
0.3397401393828554,-0.05218249287332979,0.4520105131209937,2.7647271185124582,-1.6171313676629164,-1.5883499539861445
0.3394492585354758,-0.05147994791568681,0.45160851347407593,2.7648818633531986,-1.617814204941243,-1.588577629466755
0.3391590559277802,-0.05077853577728618,0.45120761180596203,2.765035351115836,-1.6184963306042932,-1.588801882056158
0.33886952920580793,-0.05007826046838736,0.4508078090376402,2.7651875844428297,-1.619177740166357,-1.5890227104945633
0.33858068146874976,-0.04937912166104137,0.45040910196632566,2.7653385712861973,-1.6198584355086691,-1.5892401206083566
0.33829251089138523,-0.0486811449772005,0.45001150571657034,2.765488304614227,-1.6205383886047944,-1.589454098005525
0.3380050139211841,-0.04798430983821458,0.4496150051360204,2.765636797805286,-1.6212176215521275,-1.5896646562778318
0.337718186350092,-0.047288631087813386,0.4492196087282614,2.7657840473988333,-1.621896117443048,-1.5898717859944633
0.33743202868044664,-0.04659408943366543,0.4488253013059258,2.76593006854896,-1.622573898168495,-1.5900755030616753
0.33714654060823745,-0.045900717160002755,0.4484321020063633,2.7660748521645093,-1.6232509288400614,-1.5902757903710887
0.3368617153350293,-0.04520849314209716,0.448039996106814,2.766218409783169,-1.6239272312295703,-1.5904726590370186
0.33657755076811746,-0.0445174191927791,0.4476489829977486,2.766360745220368,-1.6246028033435003,-1.5906661095677668
0.33629404490919335,-0.04382749623304516,0.4472590614585097,2.7665018627544193,-1.6252776441946493,-1.5908561431214685
0.33601119628140763,-0.04313872656837242,0.4468702310610069,2.7666417663497818,-1.6259517514280901,-1.591042760457348
0.33572900389423843,-0.04245111363033564,0.44648249200278367,2.7667804597640058,-1.6266251215907581,-1.5912259621016134
0.3354474671665524,-0.04176466204013736,0.44609584516287537,2.7669179464797926,-1.6272977500374157,-1.5914057482634074
0.3351665854211183,-0.041079377043495256,0.4457102918435545,2.767054229657043,-1.6279696314040701,-1.591582118771317
0.33488635527904975,-0.0403952619103847,0.4453258326669771,2.767189311692359,-1.628640761724674,-1.5917550723740954
0.33460677133640804,-0.03971230945758898,0.44494246186337083,2.767323198422108,-1.6293111479362998,-1.5919246123862179
0.33432783873614635,-0.03903051714735627,0.4445601742705647,2.7674559001042978,-1.6299807948541942,-1.59209074856366
0.33404955566367667,-0.038349920242228976,0.4441789911223071,2.767587405771263,-1.6306496638454753,-1.5922534617761837
0.33377191047135346,-0.03767048756074973,0.4437988923744225,2.767717728104893,-1.6313177864395205,-1.5924127642850592
0.33349490617058963,-0.036992210547229704,0.4434198694302993,2.7678468786993293,-1.6319851734517834,-1.5925686676375221
0.33321853904145193,-0.03631511977371216,0.4430419408683224,2.7679748475353336,-1.63265179087832,-1.592721153896854
0.33294279668317106,-0.03563918007557574,0.44266508430962315,2.7681016483771486,-1.6333176744768105,-1.5928702364595422
0.3326676841824523,-0.034964383781708214,0.4422892912892151,2.768227293634738,-1.6339828346748535,-1.5930159281354068
0.3323932073261613,-0.03429077269361446,0.44191458544898365,2.768351774342635,-1.6346472277545874,-1.5931582132799242
0.33211936217622773,-0.033618345116316596,0.44154096428899825,2.768475094731729,-1.635310855058881,-1.5932970932643562
0.33184615055193145,-0.03294709851155926,0.4411684234049176,2.7685972630206774,-1.6359737204246545,-1.5934325753743326
0.3315735660909702,-0.03227705180939032,0.4407969743027438,2.768718272848151,-1.636635801893675,-1.5935646466097424
0.3313015940454447,-0.031608168380771545,0.4404265943346479,2.7688381368379447,-1.637297136281056,-1.593693318288818
0.3310302449312026,-0.030940433863763352,0.4400572693999054,2.7689568737615606,-1.6379577427730747,-1.5938186126932707
0.33075952104296125,-0.030273916259633077,0.4396890408236307,2.7690744613628433,-1.638617547852592,-1.5939404967307127
0.33048941254989384,-0.02960857548172014,0.4393218825892429,2.7691909167886486,-1.6392765934718174,-1.5940589882806961
0.33021992409747103,-0.028944417939838676,0.438955795442143,2.7693062461287408,-1.6399348743761277,-1.5941740923786276
0.3299510512268218,-0.02828146705240719,0.4385907932983444,2.769420442358288,-1.6405923641989462,-1.5942857955251482
0.32968278206852286,-0.027619691750410517,0.43822685656239924,2.7695335172190556,-1.6412490945035267,-1.5943941079092072
0.32941512067372125,-0.026959082093203045,0.43786397555221246,2.7696454834341204,-1.6419050778422575,-1.594499043311379
0.32914807160170456,-0.026299675963502488,0.43750217136109226,2.7697563335631648,-1.6425602743196583,-1.594600589174896
0.32888163109036395,-0.025641470658133828,0.43714144081166895,2.7698660723121757,-1.643214686451337,-1.5946987477394872
0.3286157950370967,-0.024984462691186114,0.43678178031432524,2.769974704475505,-1.6438683175341549,-1.5947935212804025
0.3283505586307003,-0.02432864751010518,0.436423185776071,2.770082234811824,-1.6445211718672552,-1.5948849118569937
0.32808591435478096,-0.023674017415902818,0.4360656517487711,2.770188667623563,-1.645173256534283,-1.5949729203520255
0.32782186021299564,-0.023020558501917927,0.43570916748063704,2.770294013356819,-1.6458245868723154,-1.5950575566572933
0.3275584079065337,-0.022368289759302867,0.4353537400674674,2.7703982774245537,-1.6464751455064879,-1.5951388269571003
0.3272955476017456,-0.02171725024101682,0.43499939465985893,2.770501442919068,-1.6471248875177278,-1.5952167041884477
0.3270332704269907,-0.021067376620883326,0.434646090427961,2.77060353663035,-1.6477738808445241,-1.5952912181348249
0.3267715830078881,-0.02041869727937959,0.4342938416931603,2.7707045567958146,-1.6484220964694543,-1.5953623648614734
0.32651048142207584,-0.01977122569742727,0.4339426557378241,2.7708045011225724,-1.649069519100445,-1.595430137569211
0.32624996700400155,-0.01912494707352145,0.4335925204383535,2.770903382577672,-1.6497161658562363,-1.5954945504338833
0.3259900371260809,-0.018479888182266292,0.4332434512512673,2.771001194211864,-1.6503620071305722,-1.5955555910930295
0.32573068203882416,-0.017836024456077657,0.43289543252398377,2.7710979457665026,-1.6510070680651707,-1.5956132668600456
0.3254719015774432,-0.017193346985627002,0.4325484563128421,2.771193646679178,-1.6516513589439383,-1.5956675869515808
0.3252136921358879,-0.01655187130362263,0.4322025311252007,2.7712882940150414,-1.6522948623135383,-1.5957185439034602
0.3249560547323327,-0.015911582351425837,0.43185764480940514,2.7713819005155824,-1.6529375955024903,-1.5957661515438077
0.32469899656313883,-0.015272509530890047,0.43151381203072114,2.7714744647232634,-1.6535795283622805,-1.595810407495058
0.3244425138979907,-0.014634667933041048,0.4311710409705456,2.7715659839566875,-1.6542206438426283,-1.5958513049850385
0.3241865973412126,-0.013998038086832696,0.4308293192119721,2.7716564659249463,-1.6548609616103236,-1.5958888486941176
0.32393123977792815,-0.013362605439414617,0.4304886369504961,2.7717459177351444,-1.655500496497395,-1.5959230430244902
0.3236764466006483,-0.012728366005444068,0.4301489880335496,2.771834350431597,-1.6561392546525149,-1.5959539011262573
0.32342221111145175,-0.012095351606383904,0.4298103920041907,2.7719217525355133,-1.656777199938138,-1.5959814042349267
0.3231685303907823,-0.011463521564750436,0.4294728214837291,2.7720081444495994,-1.6574143769596643,-1.5960055746686033
0.3229154086220034,-0.010832907161185606,0.42913629296436473,2.772093522177356,-1.6580507527018615,-1.596026406643264
0.32266284343933993,-0.010203510952132363,0.428800806328403,2.7721778890258055,-1.6586863242531318,-1.596043901473157
0.3224108278151969,-0.009575329285683595,0.4284663586912938,2.772261247674656,-1.659321094482445,-1.5960580580808554
0.3221593636633542,-0.00894834891039,0.42813293889783566,2.772343610585218,-1.6599550788847968,-1.5960688905705802
0.3219084431737347,-0.008322593922929418,0.4278005617996965,2.7724249687814138,-1.660588249589983,-1.596076383190193
0.32165806705815214,-0.007698027321232671,0.42746920157297663,2.7725053433482283,-1.6612206479992044,-1.5960805601971813
0.3214082312087303,-0.007074687252627396,0.42713888099646535,2.7725847222162616,-1.661852231596165,-1.5960814034778372
0.3211589324262287,-0.006452539269206807,0.4268095768704261,2.7726631227518372,-1.662483038099594,-1.596078931208725
0.32091017867543137,-0.005831609741565274,0.4264813015097584,2.7727405457312835,-1.6631130406301478,-1.596073145804502
0.32066196293549876,-0.005211917395866202,0.4261540661166985,2.7728169849649267,-1.6637422174041883,-1.5960640355454399
0.32041427837945946,-0.004593429271086413,0.42582784937598683,2.7728924547032547,-1.664370603708726,-1.5960516133513012
0.3201671288370025,-0.00397615470897212,0.42550265389898123,2.7729669597133433,-1.6649981904982722,-1.596035885076664
0.31992050820911455,-0.003360109106114958,0.42517848856026097,2.7730404957360753,-1.665624959883787,-1.596016841735762
0.3196744112670813,-0.0027452662929325564,0.4248553359712488,2.773113075302585,-1.6662509400416055,-1.5959944946632596
0.31942884477653966,-0.002131638018080505,0.4245331994986743,2.7731847042619404,-1.6668761198618505,-1.5959688525238398
0.3191838029934857,-0.0015192491291240186,0.4242120938140994,2.773255374975181,-1.6675004710954577,-1.5959399026698458
0.318939286421716,-0.0009080710343694917,0.42389199860278914,2.7733251047389644,-1.6681240257930787,-1.5959076646810406
0.3186952918203234,-0.00029813397632268856,0.42357293125515594,2.773393885568139,-1.6687467502714395,-1.5958721267923812
0.3184518158603611,0.0003105865236657958,0.4232548750178453,2.7734617305131595,-1.6693686712423879,-1.5958333018004143
0.31820885644167785,0.0009180771138834661,0.42293783643916916,2.7735286388895544,-1.6699897739076153,-1.5957911870887889
0.31796640890996475,0.0015243469236016734,0.42262180870017274,2.7735946168911694,-1.6706100677724012,-1.5957457867855749
0.3177244703490727,0.002129398500651578,0.42230678865671667,2.77365966934681,-1.6712295554401257,-1.5956971042483126
0.3174830388483514,0.0027332319384880464,0.421992774442018,2.7737238008257847,-1.6718482370073324,-1.5956451430597505
0.317242121656784,0.0033358410110519623,0.42167976578869926,2.773787019777552,-1.6724661074029668,-1.5955899160811693
0.3170017148337605,0.003937195045285504,0.4213677804087519,2.7738493178100114,-1.673083132270926,-1.595531411473256
0.3167618104311609,0.004537322931356544,0.42105680007249235,2.7739107062937176,-1.6736993423003803,-1.5954696375578983
0.3165224006483749,0.005136228604803974,0.4207468220267636,2.7739711872030957,-1.6743147406701178,-1.5954045919487008
0.3162834921922206,0.00573392520524159,0.42043783414878866,2.7740307758927454,-1.6749293435676675,-1.5953362951607069
0.31604508449290014,0.0063303700193227345,0.4201298607017938,2.774089461849518,-1.6755431039747206,-1.5952647351576221
0.31580716772119954,0.006925588032636618,0.41982288642635,2.7741472535288785,-1.6761560479550985,-1.595189915674835
0.3155697416476597,0.00751958922866321,0.41951690292848687,2.7742041603147958,-1.6767681868456588,-1.5951118468108019
0.3153328066844221,0.008112358098341979,0.4192119173820834,2.774260182568239,-1.6773795038910404,-1.5950305292761868
0.31509636047937617,0.008703894645128463,0.41890792808272037,2.774315324525847,-1.6779899989616989,-1.5949459664736005
0.31486039537036836,0.009294201426675072,0.4186049331142794,2.7743695876878864,-1.678599673775726,-1.5948581556092978
0.31462491478146815,0.009883293270916343,0.418302920193933,2.774422985693207,-1.6792085456929946,-1.5947671136543033
0.3143899239189807,0.010471136324159264,0.4180019065079028,2.7744755155679517,-1.6798165784724814,-1.594672841225731
0.31415540743489023,0.011057731176546515,0.41770189329862006,2.774527172802639,-1.6804237702483429,-1.594575324466746
0.3139213628102637,0.011643124227972621,0.41740285044940606,2.774577978394638,-1.681030172257875,-1.5944745842439292
0.31368779393172774,0.012227283964646524,0.4171047940236212,2.7746279293552014,-1.6816357505953274,-1.5943706205408583
0.31345469808582394,0.012810208077145016,0.41680772383723363,2.7746770288036307,-1.6822405024930773,-1.5942634355730771
0.31322207386561285,0.013391898916794888,0.4165116365182693,2.774725282450481,-1.6828444305747952,-1.5941530351356765
0.31298992066721487,0.013972350910989834,0.4162165333356158,2.7747726937048904,-1.683447528815427,-1.5940394232818553
0.3127582387745944,0.01455156011868498,0.41592241432304444,2.7748192672002463,-1.684049793134123,-1.5939226060431662
0.31252702827062206,0.015129518563502625,0.41562928201905325,2.774865006004539,-1.684651214921661,-1.5938025878708593
0.3122962776347964,0.01570622714721292,0.4153371365235452,2.77490990829243,-1.6852517934426303,-1.5936793600842771
0.31206598232951066,0.016281718772359528,0.4150459566669402,2.7749539884456658,-1.685851564674712,-1.5935529348341468
0.31183614628390854,0.016855978219930668,0.41475574843937224,2.774997249571851,-1.6864505126448521,-1.5934233193342426
0.31160677090742306,0.017428990954021274,0.4144665180315006,2.775039693329816,-1.6870486216739766,-1.5932905178111665
0.31137785309513966,0.018000753081373774,0.41417826630611043,2.7750813220310158,-1.687645887127417,-1.5931545318892872
0.3111493912408383,0.0185712693369557,0.4138909884994799,2.775122142072415,-1.6882423141887917,-1.5930153682728616
0.31092137607248604,0.019140537917820732,0.4136046858018583,2.7751621521757106,-1.688837899562212,-1.5928730204067674
0.31069380701979155,0.01970858314241432,0.4133193413396068,2.77520136625897,-1.6894326703699205,-1.592727502691607
0.31046668453370296,0.020275383308625893,0.4130349658708623,2.7752397828439883,-1.690026602784941,-1.592578816039232
0.31024000425757237,0.020840942642478575,0.41275155567867317,2.7752774061644967,-1.69061970100626,-1.5924269629069983
0.31001376300315053,0.021405266171192202,0.4124691062719863,2.7753142415250323,-1.6912119703164827,-1.5922719476269043
0.3097879644109156,0.021968351019660153,0.4121876161738778,2.775350296269483,-1.6918034082572633,-1.592113782073433
0.3095626059442438,0.02253017864232495,0.4119070949475767,2.7753855680333945,-1.6923939939832628,-1.5919524644724774
0.3093376866920048,0.023090759806441,0.4116275340417006,2.775420065711347,-1.6929837394663485,-1.5917880044920238
0.3091132051349712,0.023650083249456253,0.41134893834485586,2.7754537901941982,-1.6935726320880817,-1.5916204043113618
0.30888915608899437,0.024208154213642814,0.41107130374964873,2.7754867454613317,-1.6941606770405615,-1.5914496656479342
0.30866553606246816,0.024764980118144007,0.4107946244165577,2.775518937391111,-1.6947478822023854,-1.5912757932427215
0.3084423441212003,0.025320560131539594,0.4105188988131647,2.7755503708298295,-1.6953342466462438,-1.5910987932291374
0.30821958191595744,0.02587488813884235,0.4102441279045883,2.775581050659184,-1.695919763915283,-1.5909186742298127
0.30799724690658925,0.026427954459239286,0.4099703158684844,2.775610977631893,-1.6965044229680406,-1.5907354377809264
0.30777533492328724,0.026979766285853496,0.4096974571862231,2.7756401570499083,-1.6970882313205224,-1.5905490876501618
0.307553842015428,0.02753032678746063,0.4094255487074443,2.7756685929855163,-1.6976711920530283,-1.590359626741468
0.3073327596735975,0.02807964295767049,0.4091545861902026,2.7756962875525346,-1.6982533119068137,-1.5901670519595048
0.3071120917653083,0.028627728453369288,0.40888455821633496,2.7757232537707424,-1.6988346067372344,-1.5899713805305162
0.3068918457680332,0.029174550421619514,0.40861548020205807,2.775749491729168,-1.6994150410002524,-1.5897726235160197
0.30667201176071535,0.02972009840665948,0.4083473586700652,2.7757749967764216,-1.699994601772095,-1.5895707715759555
0.30645258690404065,0.030264403515418897,0.40808017353446213,2.7757997829900876,-1.7005733234248395,-1.5893658362806038
0.30623356861491624,0.030807451049823343,0.40781393196167715,2.7758238494447154,-1.701151189299763,-1.5891578182823383
0.30601495411144963,0.031349250117605025,0.40754862699093786,2.775847202926661,-1.701728209260664,-1.5889467236941999
0.3057967422624044,0.03188979692714093,0.4072842589142356,2.775869847132123,-1.702304378989451,-1.5887325581139156
0.3055789362342787,0.03242908691760261,0.40702082735512324,2.7758917885549357,-1.7028796938188244,-1.5885153337494724
0.3053615339929667,0.03296710471116825,0.4067583396956944,2.775913026516034,-1.7034541363354379,-1.5882950525775885
0.3051445318297845,0.03350385836458474,0.40649678984401394,2.7759335667911813,-1.7040277150827317,-1.588071719226301
0.3049279200433408,0.03403935223626764,0.4062361754775483,2.775953409683892,-1.7046004337876137,-1.5878453280356908
0.3047117062183955,0.03457360281004262,0.4059764826136625,2.775972571601015,-1.7051723117725173,-1.5876159027058154
0.3044958790571908,0.03510657470528244,0.40571773286353174,2.7759910388876174,-1.7057433081879352,-1.587383426920262
0.30428044655041786,0.03563830958149253,0.4054598972715373,2.776008836300101,-1.7063134705074734,-1.58714793008101
0.30406540316469854,0.036168755159884325,0.40520300588937297,2.776025948914475,-1.7068827396214725,-1.5869094020517156
0.3038507444641221,0.0366979495782482,0.40494703510617613,2.776042391510428,-1.7074511576544915,-1.5866678518767143
0.3036364657542383,0.03722588173841447,0.4046919904433057,2.7760581629308194,-1.7080187116606294,-1.586423278715858
0.30342257250136084,0.037752560807755436,0.4044378628341001,2.7760732756499698,-1.7085854124553161,-1.5861757015596698
0.3032090626547639,0.03827795771952408,0.40418466765931815,2.7760877247407523,-1.7091512272176352,-1.5859251209919774
0.30299592728804203,0.0388020898691149,0.4039323947575997,2.7761015150939192,-1.7097161744223537,-1.585671534749852
0.3027831699829746,0.0393249664361423,0.40368103556419976,2.7761146578142992,-1.710280264665452,-1.5854149588628281
0.3025707928682291,0.03984656230465022,0.4034306020135876,2.7761271522378195,-1.7108434699351955,-1.5851554017367422
0.30235878491089707,0.04036688085716698,0.40318109273621183,2.7761389973281108,-1.711405792817633,-1.5848928554140982
0.3021471424362625,0.04088594849687447,0.4029324909864336,2.776150204376315,-1.711967262481419,-1.5846273268571338
0.30193586295466046,0.04140375691093907,0.40268480005808094,2.7761607746760566,-1.7125278693071369,-1.5843588196704987
0.3017249518991454,0.04192030669121476,0.402438015964258,2.7761707179025237,-1.71308761439301,-1.5840873516040244
0.30151441367977183,0.04243557030761382,0.40219215139684406,2.7761800343598866,-1.7136464671281646,-1.5838129353258559
0.3013042402057642,0.042949543676852144,0.40194720858561706,2.776188722770609,-1.7142044220222448,-1.5835355667319906
0.301094425979342,0.04346224842313844,0.40170317410574996,2.776196791548242,-1.714761502716269,-1.5832552489148872
0.30088496415328425,0.04397368672475755,0.4014600462474205,2.776204242143504,-1.7153177109364728,-1.582971980158502
0.30067585972074884,0.044483867611953415,0.4012178162369586,2.776211086458338,-1.7158730571468195,-1.5826857786757798
0.30046710800244547,0.04499276621362033,0.40097649753713016,2.7762173192487594,-1.716427512857023,-1.5823966434486776
0.3002587114316264,0.04550039894931177,0.4007360777441289,2.776222952841442,-1.7169810965712227,-1.5821045894621806
0.3000506648788561,0.046006745695833455,0.40049656765230157,2.7762279831546333,-1.7175337850704397,-1.5818096158203359
0.2998429672749303,0.04651182378816246,0.400257955257761,2.7762324202706767,-1.7180855975947165,-1.5815117317846112
0.29963561888551027,0.04701562040589055,0.4000202457025044,2.7762362661385627,-1.7186365195568176,-1.5812109461547148
0.2994286166159892,0.047518134412815896,0.3997834382239813,2.776239523844594,-1.719186549237101,-1.5809072633461765
0.29922196608490825,0.04801936460841605,0.39954752982729325,2.7762422026202764,-1.7197356854869854,-1.5806007021767912
0.2990156580379493,0.048519292132870165,0.39931253158895985,2.7762442959371403,-1.7202839061329038,-1.5802912559596365
0.29880968691569487,0.0490179480861235,0.3990784247693966,2.7762458146799474,-1.7208312455922772,-1.5799789271825717
0.2986040536792154,0.04951532661416987,0.39884521029357867,2.7762467633600045,-1.7213776971293795,-1.5796637266287217
0.29839875405659244,0.05001142205897799,0.3986128903277939,2.7762471428557225,-1.721923253845745,-1.5793456565904977
0.2981937916975923,0.05050623966891607,0.39838145869329633,2.776246962846873,-1.7224679216733678,-1.5790247330346359
0.2979891578774341,0.05099976356641557,0.39815092458982515,2.7762462180786245,-1.7230116818726517,-1.5787009506425658
0.2977848549686195,0.05149201707193538,0.39792127178847014,2.7762449225747474,-1.723554560676018,-1.578374323872416
0.2975808791945127,0.051982977544444954,0.39769251208326084,2.776243072612603,-1.7240965320276993,-1.5780448555652515
0.29737723766102553,0.052472654130520865,0.39746463617182215,2.7762406814046887,-1.7246376064094093,-1.5777125676834844
0.2971739196309504,0.052961020769841285,0.3972376595815388,2.7762377393820366,-1.7251777534288188,-1.5773774519676595
0.2969709275544963,0.053448110529632324,0.3970115605227551,2.776234263334035,-1.725717010309221,-1.5770395228630048
0.2967682583955238,0.05393389641558039,0.3967863530448432,2.776230248875097,-1.72625534604945,-1.5766987851768048
0.29656590967989516,0.05441839238371515,0.39656202760605996,2.7762257037729485,-1.7267927759829935,-1.576355244853309
0.2963638741917891,0.05490159607065215,0.39633858524250964,2.776220627754114,-1.7273292967484153,-1.5760088998172062
0.29616215328974427,0.055383520628393475,0.39611601591270307,2.776215030989312,-1.7278649230089647,-1.5756597620830604
0.2959607510322919,0.05586414696965553,0.3958943272747555,2.7762089163910253,-1.728399633024926,-1.5753078488836776
0.2957596596068903,0.056343468528166615,0.39567352290688484,2.77620228207985,-1.7289334186259597,-1.5749531575079698
0.2955588760686245,0.05682150414831447,0.39545359065954466,2.776195136753035,-1.7294663006984858,-1.574595692515335
0.2953584017973041,0.0572982461205731,0.39523453239314144,2.7761874846507046,-1.7299982702275811,-1.5742354665924625
0.2951582413380551,0.05777368383287378,0.39501635078520203,2.7761793314442222,-1.73052931499669,-1.5738724981633303
0.2949583848772952,0.05824780717407637,0.39479905193554643,2.7761706728584223,-1.7310594227232392,-1.5735067816300201
0.29475883005367587,0.05872064139014373,0.3945826199525726,2.776161519690208,-1.7315886215993095,-1.573138321842979
0.29455957700457214,0.05919217543883078,0.3943670589026822,2.7761518743705635,-1.7321168987195816,-1.5727671299377153
0.29436063219996855,0.0596624024544391,0.39415236883266935,2.776141744954443,-1.7326442461114975,-1.5723932277586303
0.2941619819004071,0.06013130798533997,0.39393855930156096,2.7761311232199857,-1.7331706464310488,-1.572016603722381
0.2939636294478585,0.06059892612794365,0.3937256079968441,2.7761200262778245,-1.7336961381601366,-1.571637271038785
0.29376557389517277,0.061065227707897796,0.39351352949776475,2.7761084508300873,-1.7342206876603385,-1.5712552411148595
0.2935678096768344,0.06153022269438362,0.3933023174511545,2.77609640107248,-1.7347443056723635,-1.5708705140792771
0.2933703358011148,0.06199391562824434,0.3930919674025122,2.7760838828945524,-1.7352669969158412,-1.5704830981934936
0.2931731457981037,0.06245630392332119,0.39288248033735496,2.7760708963918113,-1.7357887578495113,-1.570092993123402
0.29297624935199673,0.06291739330108731,0.3926738483959362,2.776057455214355,-1.736309594810524,-1.5697002250743775
0.2927796404081384,0.06337715209015318,0.3924660888139495,2.7760435518998148,-1.7368294710644583,-1.5693047983045485
0.29258331556750017,0.0638356033723492,0.3922591873389898,2.776029195609537,-1.7373484123827265,-1.568906714734962
0.29238727027788425,0.06429274296102597,0.3920531453622389,2.7760143873294276,-1.737866413433033,-1.5685059777121593
0.292191512068682,0.06474857317459697,0.3918479575110245,2.7759991382235767,-1.7383834765307473,-1.5681026103195927
0.2919960271254016,0.06520307422337879,0.39164363630404964,2.7759834386476787,-1.738899578328817,-1.5676966027031645
0.2918008254543345,0.06565627705621903,0.39144015969669055,2.7759673090793777,-1.7394147538684623,-1.5672879776848414
0.2916058976858271,0.06610814248590448,0.3912375499129441,2.775950737843932,-1.7399289576990058,-1.5668767364409124
0.2914112464978462,0.06655870093442964,0.3910357871177432,2.7759337401003927,-1.7404422241350743,-1.566462889109345
0.2912168671492785,0.06700793013993935,0.3908348828543684,2.7759163119036807,-1.7409545271281583,-1.5660464422888145
0.2910227624182973,0.06745584205175956,0.39063482761579604,2.775898463550482,-1.7414658798510803,-1.5656274093235054
0.2908289240501838,0.06790242309407794,0.39043562898023065,2.775880190948077,-1.7419762661448779,-1.5652057895470541
0.2906353570400677,0.06834768968008913,0.390237274405143,2.7758615070498447,-1.7424857043126287,-1.5647815990099074
0.29044205312682525,0.06879162112762906,0.3900397754225835,2.775842405908312,-1.7429941700462446,-1.5643548387067034
0.2902490116213525,0.06923423946621445,0.3898431178453554,2.775822897931194,-1.7435016880715257,-1.5639255135228105
0.29005623821230664,0.06967552864807945,0.3896473070470883,2.7758029880559167,-1.744008239423863,-1.5634936475196863
0.28986372345323064,0.07011547871965354,0.38945234887236024,2.775782672313566,-1.744513812079029,-1.5630592378262227
0.28967146815662614,0.07055410979816171,0.3892582298505074,2.7757619615738127,-1.7450184285765349,-1.562622291947662
0.2894794671566041,0.07099140912800504,0.3890649562940933,2.7757408540926165,-1.7455220736996646,-1.5621828149640182
0.2892877246598271,0.07142738498033675,0.38887252046147025,2.77571935999295,-1.7460247563625888,-1.5617408228338836
0.2890962463386537,0.07186201424867897,0.3886809316151487,2.7756974823920912,-1.7465264493176218,-1.5612963422845598
0.2889050187190123,0.07229529207024488,0.3884901937878005,2.7756752158406113,-1.7470271464104623,-1.560849362842177
0.28871404515264,0.07272724489714512,0.38830028941971606,2.7756525744275184,-1.7475268774618749,-1.5603998940000505
0.28852332127243807,0.07315785153422671,0.3881112292621709,2.7756295548232237,-1.748025617465196,-1.5599479452538352
0.28833284291332184,0.07358712572665067,0.38792300471851515,2.775606162657881,-1.7485233816947137,-1.5594935165112052
0.28814261613258063,0.07401506306976154,0.3877356146164721,2.7755824060065164,-1.7490201643581686,-1.5590366303710277
0.28795263203024835,0.07444164904495684,0.3875490671558244,2.775558280111563,-1.7495159481730853,-1.5585772871729675
0.28776289406847244,0.07486690159501096,0.3873633495183668,2.775533796830199,-1.7500107531570424,-1.5581154982519085
0.2875733999490313,0.07529080143265841,0.38717847084612456,2.7755089547474667,-1.7505045563964545,-1.557651276956837
0.2873841510798081,0.075713353283702,0.3869944261275384,2.775483760971578,-1.7509973626397923,-1.557184635335045
0.2871951434691695,0.07613454827978579,0.3868112191935391,2.7754582155179865,-1.7514891610116377,-1.556715580803226
0.28700637395494155,0.0765543943551774,0.3866288444428383,2.7754323231178226,-1.751979960072797,-1.5562441164369025
0.2868178344660852,0.07697289480715147,0.38644730007519,2.775406083969752,-1.7524697631669908,-1.5557702383561807
0.28662953065663643,0.0773900580649874,0.3862665780156269,2.775379508902102,-1.752958579257379,-1.5552939640605732
0.2864414606751553,0.07780586300870974,0.38608668827021075,2.7753525963477883,-1.7534463832089042,-1.5548153092680854
0.28625362702428836,0.07822031307215309,0.38590762629780917,2.7753253537267684,-1.7539331782107155,-1.554334288157893
0.2860660226787912,0.07863339927747708,0.38572939675318296,2.775297778913491,-1.7544189533193153,-1.553850903511748
0.28587864911513927,0.07904513376842516,0.38555199061069567,2.7752698807055,-1.7549037218711685,-1.5533651642223198
0.28569150470561055,0.07945550420941785,0.38537541299900724,2.77524165982134,-1.7553874688459596,-1.5528770836901808
0.28550458969255965,0.07986451199554906,0.38519966108200254,2.775213121570791,-1.755870195104891,-1.5523866730233065
0.285317900919289,0.08027215196396963,0.38502473645739954,2.7751842673538576,-1.7563518939916098,-1.5518939403343155
0.2851314350863894,0.08067842880665442,0.38485063539578124,2.775155100832656,-1.7568325703369867,-1.5513988892716488
0.2849451954439437,0.08108334074433836,0.3846773560506549,2.7751256285382704,-1.7573122211780707,-1.550901537331853
0.2847591694455267,0.08148688225625972,0.38450490257953773,2.775095845384862,-1.757790839824379,-1.5504018769957495
0.28457336708687686,0.08188907150962287,0.3843332606219758,2.775065767192697,-1.7582684463047722,-1.5498999279542898
0.28438778302949963,0.08228987786915742,0.3841624461617088,2.7750353877554765,-1.758745004300927,-1.5493957066435036
0.2842024191484249,0.08268931545205137,0.3839924490867901,2.7750047163844056,-1.7592205294189591,-1.5488892208884837
0.2840172692554179,0.08308737367130517,0.38382327470633637,2.77497375106329,-1.759695008770339,-1.5483804766543425
0.28383233875786695,0.08348406042043767,0.3836549154201645,2.7749425019562732,-1.7601684505226471,-1.547869490447182
0.2836476149642344,0.08387936304277067,0.3834873792799951,2.7749109621642227,-1.760640839678177,-1.5473562585544975
0.2834631023884926,0.08427330462718058,0.38332065071656274,2.7748791447673775,-1.7611122022689594,-1.5468407879058268
0.2832787976874256,0.0846658648134369,0.38315473961348334,2.7748470473325955,-1.761582513811956,-1.5463230945415893
0.2830947027980302,0.08505704988635658,0.3829896401437436,2.7748146772094007,-1.7620517807619627,-1.5458031895799278
0.2829108143693455,0.085446850121069,0.3828253564415145,2.7747820344388265,-1.7625199910660303,-1.5452810838507576
0.28272713280543504,0.085835269616239,0.3826618842539409,2.774749124788499,-1.7629871486852084,-1.5447567870121195
0.28254366046967183,0.08622229940189409,0.38249922588595076,2.7747159522799225,-1.7634532420899007,-1.5442303192677904
0.2823603908846932,0.08660793515343938,0.3823373833358552,2.7746825160875885,-1.7639182657124053,-1.5437016836394855
0.2821773200923121,0.08699218853422533,0.38217634938448386,2.7746488207518984,-1.7643822326803207,-1.5431708780411943
0.2819944449958012,0.08737506084817485,0.3820161221823313,2.774614868970601,-1.764845143905526,-1.542637907582016
0.2818117760064438,0.08775654671895683,0.3818567001246269,2.77458067088919,-1.7653069915464803,-1.5421028037971296
0.2816293069847493,0.08813662396231657,0.38169809471786187,2.774546221755257,-1.7657677489391344,-1.5415655812939786
0.28144703300777607,0.0885153088340077,0.3815402965489927,2.774511526433921,-1.7662274347136682,-1.5410262332735505
0.28126496115150035,0.08889259765967127,0.3813833039364045,2.774476593174362,-1.7666860431710782,-1.5404847848930732
0.2810830821184447,0.08926847684453615,0.3812271245517753,2.7744414170776825,-1.7671435579776409,-1.5399412407929742
0.28090140414266296,0.08964295907668217,0.3810717476790866,2.7744060108426134,-1.7675999926559338,-1.5393956176334975
0.2807199164295806,0.09001602509169306,0.38091718438555056,2.774370367277984,-1.7680553242540118,-1.538847921642723
0.2805386124589475,0.09038770034294605,0.3807634207942987,2.774334492155322,-1.7685095825292316,-1.538298136338195
0.28035750405093784,0.09075797920347896,0.3806104551336955,2.774298396295659,-1.7689627590593817,-1.5377462957766364
0.2801765797828475,0.09112684067226393,0.3804582995416985,2.7742620716914383,-1.7694148288775082,-1.5371924068996008
0.2799958492517747,0.09149430238949403,0.3803069403908581,2.7742255328926526,-1.7698658112763754,-1.5366364842200488
0.27981530322349757,0.09186034080948975,0.38015639062645334,2.774188772755694,-1.77031567806418,-1.5360785405786936
0.2796349415141641,0.09222497524980817,0.3800066381521088,2.774151799705761,-1.7707644513131748,-1.5355185729656786
0.2794547589871472,0.09258819889717097,0.3798576860036169,2.774114613031177,-1.7712121224316764,-1.5349565889835024
0.27927476448801647,0.09295001338136488,0.37970952931015667,2.774077223065006,-1.7716586917139858,-1.534392612713697
0.279094948168523,0.09331040158969511,0.37956217772807355,2.7740396236833824,-1.7721041386393286,-1.5338266522398734
0.27891531304727746,0.09366938017567733,0.3794156198464258,2.7740018246976166,-1.7725484818937145,-1.5332587107843476
0.2787358604351562,0.09402693339332024,0.37926986187226364,2.7739638275672176,-1.7729917016131382,-1.5326888136345265
0.27855659254840726,0.09438305645714504,0.37912490397563836,2.7739256367598326,-1.7734337908979565,-1.5321169793199199
0.27837749974594983,0.0947377469215205,0.3789807479758056,2.7738872495098583,-1.7738747466986233,-1.5315432056084866
0.27819857879753673,0.09509102062503204,0.37883738446274173,2.773848671258353,-1.7743145873334358,-1.5309674855394246
0.27801983753679727,0.09544287043227433,0.3786948135083601,2.773809909543238,-1.774753302592252,-1.5303898482408191
0.27784127214299303,0.0957932806668058,0.3785530425258634,2.7737709624230087,-1.7751908730405077,-1.529810311733571
0.27766287854932603,0.09614225976795264,0.37841206624554014,2.7737318330917136,-1.7756273082112652,-1.5292288735572894
0.2774846611456394,0.09648980600969925,0.37827188272844614,2.773692527967543,-1.7760626046352677,-1.5286455530528404
0.27730661269730916,0.09683591101961114,0.3781324963582906,2.773653044462028,-1.776496751954705,-1.5280603570778015
0.2771287352865297,0.09718058418569911,0.37799389990607235,2.773613389886872,-1.7769297602892484,-1.5274732915735674
0.27695102565111807,0.09752381660197362,0.377856097083225,2.7735735640749524,-1.7773616182545333,-1.5268843701943984
0.27677348234813737,0.09786561240134353,0.37771908429848455,2.773533570863852,-1.7777923300035872,-1.5262935977847611
0.2765961131737096,0.0982059641864765,0.3775828618095749,2.7734934175020456,-1.778221884816907,-1.5257010040644707
0.2764189028634796,0.09854486362175667,0.37744743591883445,2.7734530961746833,-1.7786502731869476,-1.5251065840063545
0.2762418622504943,0.09888232925818374,0.37731279252879757,2.7734126216741997,-1.779077515437614,-1.524510347689017
0.27606498446110317,0.09921833685037015,0.37717894428540677,2.7733719880970167,-1.7795035819403087,-1.5239123183210048
0.2758882697067859,0.0995528994251983,0.37704588256608784,2.7733312021564167,-1.7799284874504915,-1.5233124944831193
0.2757117220938343,0.09988600686734969,0.3769136099663284,2.773290268015727,-1.7803522182438616,-1.522710903068245
0.2755353298226497,0.10021765640263539,0.376782129042601,2.773249181237311,-1.7807747712199424,-1.5221075395917443
0.2753590961230956,0.10054786289188666,0.37665142952560227,2.773207950781967,-1.7811961631023736,-1.5215024046063264
0.27518302474495027,0.10087661087654616,0.37652151690832936,2.773166579362531,-1.7816163736714763,-1.520895529993543
0.27500710861026656,0.1012038968532624,0.3763923930105182,2.773125065352233,-1.7820353984356734,-1.5202869193250632
0.27483135043167417,0.1015297278017279,0.37626405184180345,2.7730834155950013,-1.7824532445887087,-1.519676579943775
0.2746557507538352,0.10185409292878125,0.37613649722527476,2.773041631702302,-1.7828698978785065,-1.519064534584015
0.27448030553936986,0.10217699158799129,0.37600972877588523,2.7729997145394223,-1.7832853569523015,-1.5184507884923042
0.27430501805354135,0.10249842461597372,0.3758837436055251,2.772957669896725,-1.7836996214226934,-1.517835356138401
0.27412988986566234,0.10281838128844424,0.37575854526542196,2.772915499978613,-1.784112676921387,-1.5172182622154757
0.27395490960409097,0.10313686340369385,0.37563413384965405,2.7728732014779327,-1.784524525959821,-1.516599498508076
0.27378008573656,0.10345388047220502,0.3755105007424868,2.7728307852505085,-1.7849351781629856,-1.5159790771440982
0.2736054087101971,0.10376941769429825,0.375387654262721,2.772788245552287,-1.7853446154889583,-1.5153570113134904
0.2734308831039547,0.10408348703788294,0.3752655854582012,2.772745591254621,-1.7857528510694958,-1.5147333041781734
0.2732565095778279,0.10439607409995473,0.375144300030112,2.7727028230894155,-1.786159866061626,-1.5141079837877538
0.27308228778952515,0.10470717691334157,0.37502379745134773,2.7726599437921786,-1.7865656570220532,-1.5134810623860748
0.2729082128607012,0.10501679509189651,0.37490407744872667,2.7726169535704703,-1.7869702230344098,-1.5128525437408502
0.27273428361333707,0.10532493309042176,0.3747851363717869,2.77257385596779,-1.7873735687188905,-1.5122224309242687
0.27256050773043716,0.1056315836480203,0.3746669745747182,2.772530657539568,-1.7877756830677352,-1.5115907540007165
0.27238687685167573,0.1059367367996236,0.37454959758629425,2.772487354207822,-1.788176553748283,-1.5109575237832535
0.27221339151507307,0.10624040338836219,0.3744329980639136,2.772443951875783,-1.7885761930745592,-1.5103227375678234
0.27204004562426043,0.10654257981840719,0.3743171777132259,2.7724004492115397,-1.788974596357807,-1.5096864012992361
0.2718668441832546,0.10684326951651138,0.37420213200978436,2.772356853270907,-1.7893717661746078,-1.5090485274448995
0.271693792620606,0.10714245731586705,0.37408786596085286,2.772313167367857,-1.7897676818768624,-1.5084091534108082
0.27152087716991824,0.1074401415998797,0.37397438205027744,2.772269385764919,-1.7901623422239943,-1.5077682723283459
0.27134810921291264,0.1077363335186154,0.37386167029857065,2.7722255210288553,-1.7905557585383804,-1.507125894886694
0.27117547734759784,0.10803101623144125,0.3737497405142107,2.7721815656134257,-1.7909479102932264,-1.5064820380972976
0.2710029851554596,0.10832420425035084,0.37363858282341633,2.7721375279164584,-1.7913388141046798,-1.505836696717911
0.27083063624808545,0.10861588380989687,0.37352820195584413,2.77209341028766,-1.7917284512007137,-1.5051899044863992
0.2706584220054906,0.10890605314308709,0.3734185992948922,2.772049210064583,-1.7921168195034338,-1.5045416620373666
0.27048634959134255,0.10919471765029472,0.37330976887003064,2.7720049358223147,-1.79250392374511,-1.5038919809859672
0.2703144110840805,0.10948186652608133,0.3732017165721495,2.77196058336265,-1.7928897504130075,-1.5032408759330391
0.2701426172534216,0.10976750380472897,0.37309443631961425,2.7719161631191316,-1.7932743019963542,-1.5025883649942136
0.26997095892267,0.11005161469997511,0.372987936347847,2.771871669222991,-1.7936575600871876,-1.5019344676060178
0.2697994361741314,0.1103342114036435,0.37288220886746126,2.771827107238701,-1.794039538993944,-1.5012791752922192
0.26962804661678597,0.11061528932027133,0.37277725530907624,2.771782477605356,-1.7944202322185678,-1.5006225012700443
0.2694567942399799,0.11089484697380732,0.3726730740331827,2.771737785303914,-1.794799636268654,-1.4999644623775292
0.26928567024445593,0.11117288025497786,0.372569667707745,2.771693026916368,-1.7951777461797802,-1.4993050629774904
0.2691146851035362,0.11144939301726493,0.3724670304792017,2.7716482124664292,-1.7955545642668254,-1.498644319715234
0.2689438337782999,0.11172436946011334,0.37236517016400184,2.771603338267213,-1.7959300701238405,-1.497982260652775
0.2687731159374498,0.11199781604880926,0.37226408206934436,2.7715584082581666,-1.7963042709568882,-1.497318884384127
0.2686025276514097,0.11226973082374263,0.37216376666083373,2.7715134223629896,-1.7966771638096513,-1.4966541983479902
0.2684320711141166,0.11254011487761387,0.3720642214417822,2.7714683848584523,-1.7970487487128515,-1.4959882125626156
0.26826174419979854,0.11280896287053843,0.3719654482107688,2.7714232959881944,-1.797419018122998,-1.4953209423359168
0.26809155039394694,0.11307627339645392,0.37186744547295936,2.771378160213533,-1.797787968664342,-1.4946524033824415
0.26792147795361343,0.1133420449837683,0.3717702152537741,2.771332972753163,-1.798155599210224,-1.4939825928068284
0.26775153991854594,0.11360628306540729,0.37167375039302275,2.7712877452729985,-1.7985219137327944,-1.493311525762257
0.26758173824014,0.11386896564323827,0.3715780603116139,2.7712424767463086,-1.7988868825532125,-1.4926392521467673
0.2674120633599322,0.11413009577397012,0.3714831442331621,2.7711971646168454,-1.7992505099909073,-1.4919657643594406
0.267242505623166,0.11438968699422775,0.37138899604946496,2.7711518085632525,-1.7996128140136447,-1.491291035336626
0.26707307568576466,0.1146477404805619,0.3712956113664301,2.7711064177756093,-1.7999737935235938,-1.4906150836913317
0.26690377574056745,0.11490423833423823,0.37120299747171526,2.7710609921447906,-1.8003334239762563,-1.4899379534158614
0.26673460430955487,0.11515917842654066,0.3711111544315391,2.7710155327636405,-1.8006917017811659,-1.4892596555657849
0.2665655584355946,0.11541256143466522,0.37102008122113794,2.7709700404339723,-1.801048627240423,-1.4885801941505197
0.26639663229086663,0.11566439081595518,0.3709297760531223,2.7709245148415094,-1.8014042047750418,-1.4878995643549815
0.26622783570261266,0.1159146649807392,0.37084023618484374,2.7708789638969873,-1.801758429752951,-1.4872177885312285
0.26605916762518556,0.11616336989413766,0.37075146769013934,2.770833386224157,-1.802111282955969,-1.4865349014621643
0.2658906206864575,0.11641050986070274,0.3706634687192183,2.77078778070102,-1.8024627701578388,-1.485850895001924
0.26572219235321226,0.11665609127229358,0.3705762352740385,2.770742149553405,-1.8028128991700336,-1.4851657616305967
0.2655538928873704,0.11690010790692507,0.3704897669156828,2.770696499792206,-1.803161659178857,-1.4844795330371994
0.26538571270367894,0.11714255071627165,0.37040406911951673,2.7706508259566855,-1.8035090388081738,-1.4837922257428424
0.2652176584931363,0.11738342589571657,0.3703191359401079,2.770605135633579,-1.803855044140915,-1.4831038419874067
0.2650497282757418,0.11762272301369465,0.37023497185981413,2.770559427511026,-1.8041996606989639,-1.482414409737913
0.2648819184333906,0.11786044491158926,0.37015157497430007,2.7705137022599065,-1.804542891826312,-1.4817239272137657
0.2647142319940867,0.11809659092025657,0.3700689436853539,2.7704679636782337,-1.8048847351510886,-1.481032406781867
0.2645466626589408,0.11833115812274105,0.36998707963524935,2.7704222095175384,-1.8052251868508367,-1.4803398561905965
0.26437921794787256,0.11856414736764194,0.3699059794661137,2.770376446522051,-1.8055642458467847,-1.4796462886982096
0.26421188979164434,0.1187955515661378,0.3698256473515871,2.7703306704009094,-1.8059019030285899,-1.478951719887296
0.26404468538215875,0.11902537420487191,0.36974607868462694,2.7702848882486526,-1.8062381609036977,-1.478256156366572
0.26387759796507826,0.11925360769887437,0.36966727760957063,2.770239096383335,-1.8065730094505141,-1.4775596166066307
0.26371063363158775,0.11948025464790503,0.369589240235799,2.770193300994015,-1.806906450185216,-1.4768621077515598
0.2635437930243585,0.11970530532199526,0.36951197016501136,2.7701475021847264,-1.8072384689032097,-1.4761636609292115
0.2633770668358175,0.11992876243647571,0.3694354668916293,2.7701016970704475,-1.807569069844525,-1.4754642685039474
0.263210462349051,0.1201506290811466,0.3693597260399699,2.7700558925832985,-1.8078982550383604,-1.4747639367085301
0.2630439803929976,0.1203708943729057,0.369284751779275,2.7700100885700922,-1.8082260086171522,-1.4740627002798419
0.26287762058209285,0.12058955668266531,0.36921054385402985,2.769964286288758,-1.808552327437856,-1.4733605703314652
0.262711366840084,0.12080662195568453,0.3691371016426046,2.769918479600329,-1.8088772213761897,-1.4726575248627356
0.2625452324318429,0.12102209634721586,0.36906441792566014,2.769872679585184,-1.8092006957639217,-1.4719535658378218
0.26237921909511286,0.1212359625105495,0.3689924999855707,2.769826884955746,-1.8095227256345476,-1.471248746384114
0.26221332648208984,0.12144821880785302,0.368921347595512,2.7697810968897696,-1.8098433078327347,-1.4705430775684225
0.26204755425422954,0.12165886360046929,0.36885096053532185,2.769735316545092,-1.8101624392021962,-1.4698365704405119
0.2618818923706394,0.12186789987071311,0.3687813383848464,2.7696895405302677,-1.8104801246409028,-1.469129215610388
0.2617163489921288,0.12207533038157517,0.36871247682879127,2.7696437760025012,-1.8107963657390689,-1.4684210181036754
0.2615509250544896,0.12228114425113545,0.36864438008429934,2.769598022551449,-1.811111146337988,-1.4677120152328103
0.2613856202560876,0.12248533983596314,0.3685770479585959,2.769552281255459,-1.8114244632753345,-1.4670022179858773
0.261220434304434,0.12268791549181644,0.36851048026567645,2.7695065531730405,-1.8117363133879087,-1.4662916373339319
0.2610553669161426,0.12288886957381451,0.36844467682624704,2.769460839342914,-1.812046693511906,-1.4655802842303842
0.2608904178168303,0.12308820043695784,0.36837963746749813,2.769415140784122,-1.8123556004837071,-1.464868169609112
0.2607255867414251,0.12328590643371143,0.3683153620242803,2.7693694584956234,-1.8126630311362761,-1.4641553043933242
0.2605608734334708,0.12348198591890248,0.36825185033678776,2.7693237934571786,-1.8129689823064934,-1.4634416994776522
0.26039627764579265,0.12367643724467195,0.3681891022529915,2.7692781466284804,-1.8132734508276245,-1.4627273657466446
0.26023179914004446,0.1238692587635979,0.3681271176271701,2.769232518949729,-1.813576433533997,-1.4620123140633514
0.26006743768670715,0.12406044882849611,0.3680658963200254,2.7691869113416248,-1.8138779272607188,-1.4612965552700734
0.2599031930651825,0.12425000579156556,0.368005438199114,2.769141324705239,-1.8141779288424078,-1.460580100191511
0.25973906506364264,0.12443792800526375,0.36794574313844963,2.7690957599221973,-1.8144764351145193,-1.4598629596315722
0.25957505347915166,0.12462421382124905,0.36788681101903165,2.769050217854513,-1.8147734429117726,-1.4591451443772707
0.25941115811727355,0.12480886159298113,0.36782864172762264,2.769004699345097,-1.8150689490720515,-1.4584266651892197
0.25924737879247317,0.12499186967265047,0.3677712351582383,2.7689592052172167,-1.8153629504318303,-1.4577075328128923
0.2590837153277774,0.1251732364134014,0.3677145912111055,2.7689137362749388,-1.815655443829505,-1.4569877579705062
0.2589201675547588,0.1253529601692171,0.3676587097927402,2.7688682933031417,-1.8159464261052385,-1.456267351361454
0.2587567353136828,0.12553103929369494,0.3676035908165516,2.768822877067315,-1.8162358940991388,-1.4555463236668258
0.25859341845326833,0.12570747214151576,0.36754923420216334,2.7687774883138707,-1.8165238446534706,-1.4548246855440328
0.25843021683070866,0.125882257068069,0.3674956398756124,2.7687321277701065,-1.8168102746121102,-1.4541024476282003
0.25826713031161885,0.12605539242961786,0.3674428077692917,2.76868679614427,-1.8170951808207976,-1.4533796205315987
0.2581041587700055,0.12622687658328946,0.36739073782197607,2.768641494125597,-1.8173785601271442,-1.4526562148436795
0.2579413020882684,0.12639670788685506,0.36733942997894653,2.768596222384303,-1.8176604093803124,-1.4519322411319162
0.2577785601570759,0.12656488469935678,0.36728888419171346,2.7685509815717424,-1.8179407254319657,-1.4512077099395242
0.25761593287538576,0.1267314053807573,0.36723910041820274,2.768505772320377,-1.8182195051357597,-1.4504826317867665
0.2574534201502443,0.12689626829306588,0.36719007862223907,2.7684605952440426,-1.8184967453490375,-1.449757017166843
0.2572910218970672,0.1270594717982365,0.36714181877457075,2.7684154509375674,-1.8187724429297034,-1.449030876553624
0.2571287380391767,0.12722101426105073,0.36709432085151206,2.768370339977392,-1.8190465947405432,-1.4483042203910967
0.2569665685081133,0.12738089404679778,0.3670475848360706,2.7683252629211426,-1.8193191976457692,-1.4475770591019017
0.256804513243428,0.12753910952245234,0.36700161071740833,2.7682802203079153,-1.8195902485128015,-1.4468494030830195
0.25664257219256825,0.12769565905719119,0.3669563984906097,2.7682352126584213,-1.8198597442130406,-1.446121262703922
0.2564807453110127,0.12785054102127394,0.3669119481572396,2.7681902404748056,-1.8201276816202219,-1.445392648310674
0.2563190325620144,0.12800375378750758,0.36686825972466086,2.7681453042409947,-1.8203940576126103,-1.4446635702206017
0.2561574339168393,0.1281552957294528,0.3668253332069138,2.7681004044223663,-1.8206588690703347,-1.4439340387288926
0.25599595912147155,0.12830516110938855,0.36678316862988725,2.768055545787585,-1.8209221048832502,-1.4432040839967342
0.25583459929480856,0.12845334680810266,0.36674176871262976,2.768010723080081,-1.8211837606881107,-1.4424737247513981
0.25567335351680054,0.12859985703990695,0.3667011306868011,2.76796593807028,-1.8214438428340434,-1.441742942873995
0.25551222178946453,0.12874469018784157,0.36666125459039023,2.767921191151063,-1.8217023482185704,-1.4410117485468146
0.2553512041223316,0.1288878446377534,0.36662214046717545,2.7678764826974507,-1.821959273744219,-1.440280151922575
0.25519031634752265,0.12902931224602077,0.3665837883278795,2.7678318200133405,-1.8222146034132527,-1.439548195155368
0.2550295440574537,0.12916908962577126,0.36654620227782053,2.76778719430771,-1.8224683328889137,-1.4388159026245775
0.2548688858770318,0.12930718383863413,0.3665093782058737,2.7677426080768224,-1.8227204735783897,-1.438083238169513
0.25470834184568547,0.1294435932807059,0.3664733161798437,2.7676980616243485,-1.8229710224031141,-1.4373502118271668
0.2545479208612309,0.12957831275604828,0.36643801622834293,2.7676535591024893,-1.8232199690901945,-1.4366168514369426
0.2543876148656925,0.12971133996016018,0.36640348055959127,2.7676090957016406,-1.8234673102205157,-1.4358831752099086
0.25422743107709955,0.12984267461664123,0.36636970703313976,2.7675646763255837,-1.8237130440512035,-1.435149182955844
0.25406736230450777,0.12997231462752554,0.36633669758188026,2.7675202966857295,-1.8239571673602344,-1.4344148920729167
0.25390741681045803,0.1301002587410341,0.3663044503630022,2.767475961914264,-1.8241996766782638,-1.4336803068507191
0.25374758653686147,0.13022650495193422,0.3662729674704741,2.76743166716621,-1.8244405689533407,-1.4329454456169515
0.2535878708510153,0.1303510558337031,0.36624224699879293,2.7673874138190775,-1.82467984852033,-1.4322102920191206
0.2534282786934212,0.13047390632249836,0.3662122889765911,2.767343205863171,-1.8249175051940003,-1.431474873497345
0.2532688051478358,0.13059505340612296,0.3661830953793057,2.767299039785103,-1.825153533661197,-1.4307392147207323
0.253109452715254,0.1307144970192931,0.3661546650317997,2.7672549177074464,-1.8253879332806806,-1.4300033141577413
0.25295021927536254,0.13083223552512058,0.36612699859867615,2.767210838304174,-1.825620700952389,-1.4292671851449985
0.25279110204886335,0.13094826955671965,0.3661000956946936,2.7671668008322285,-1.825851837876193,-1.4285308247093318
0.25263211040813927,0.1310625950538611,0.36607395578332014,2.7671228097924714,-1.8260813355590388,-1.4277942531329135
0.2524732333675881,0.1311752115549863,0.36604858086928926,2.7670788589153528,-1.826309193657771,-1.4270574849144093
0.2523144820789711,0.1312861175376523,0.3660239686965785,2.767034954909923,-1.8265354084461254,-1.4263205177685816
0.2521558471779026,0.13139531121771186,0.3660001216444235,2.7669910917887455,-1.8267599768168004,-1.4255833764037635
0.2519973387644896,0.131502790856225,0.36597703781679325,2.766947275508322,-1.826982894778942,-1.4248460603072348
0.25183894518328653,0.13160855614074732,0.3659547193316177,2.766903499285785,-1.8272041620952615,-1.4241085863896783
0.25168067874581146,0.1317126050111264,0.36593316398941034,2.766859770312293,-1.8274237742198485,-1.423370951891699
0.25152253726177554,0.13181493307988243,0.3659123740604562,2.7668160854480335,-1.8276417220835928,-1.4226331990684784
0.25136452031965817,0.1319155403027081,0.36589234908164836,2.766772444914143,-1.8278580055217069,-1.4218953268271493
0.2512066176943275,0.13201442935774466,0.36587308927357864,2.7667288442820075,-1.8280726303610357,-1.421157323192417
0.25104883826872193,0.1321115984265674,0.3658545930753163,2.7666852888055855,-1.828285593022672,-1.420419184403723
0.2508911797229607,0.13220704452778798,0.3658368620719177,2.7666417758345156,-1.8284968871453362,-1.4196809419971221
0.25073365308847473,0.13230076317706257,0.36581989572327656,2.766598310328139,-1.8287065031813101,-1.4189426171833046
0.25057625480236156,0.13239275186040028,0.36580369568946525,2.766554888830032,-1.8289144352419118,-1.4182042439905909
0.25041897474059693,0.13248301425166537,0.36578826165199096,2.7665115075335507,-1.8291206915090945,-1.417465798635153
0.2502618257664837,0.13257154675253724,0.3657735921835199,2.7664681731703076,-1.829325264755632,-1.4167272853786925
0.2501047988366438,0.13265834855311892,0.36575968926534164,2.7664248796057676,-1.8295281525041072,-1.4159887342475048
0.24994789410452922,0.13274342054060534,0.36574655181826854,2.7663816281734706,-1.8297293575381373,-1.4152501246783014
0.24979111676721155,0.13282675950450246,0.36573417996223734,2.7663384206674317,-1.8299288729237613,-1.4145114767869225
0.24963446425452096,0.13290836424925231,0.36572257446193546,2.766295254932312,-1.830126695717208,-1.4137728086680557
0.24947794074456553,0.1329882327282537,0.3657117350266652,2.7662521328508562,-1.8303228217628795,-1.413034127701677
0.24932154299010323,0.1330663642627316,0.3657016623071305,2.766209052083779,-1.8305172492128743,-1.4122954482633416
0.24916527001272648,0.13314275867768632,0.3656923561216425,2.766166012414225,-1.8307099782606386,-1.4115567658689245
0.24900912066050385,0.1332174153451753,0.36568381660082494,2.7661230131267494,-1.8309010078650831,-1.4108180836234119
0.2488531050989402,0.13329032978277278,0.3656760435331172,2.766080058253946,-1.8310903282418949,-1.4100794251155524
0.2486972153475544,0.13336150234836844,0.3656690381441421,2.766037142562437,-1.8312779388393132,-1.4093408130749312
0.24854145014370044,0.13343093349450202,0.36566279993577977,2.7659942663955777,-1.8314638422464213,-1.4086022272152219
0.24838582104152573,0.1334986182854561,0.3656573286827687,2.7659514342553666,-1.831648027512041,-1.4078636942985718
0.24823031611176427,0.13356455854127355,0.36565262572609347,2.7659086390528427,-1.8318304969227335,-1.4071252337461444
0.248074943089581,0.13362875185274223,0.3656486901436591,2.7658658853845783,-1.8320112474843326,-1.4063868299774642
0.2479197010306673,0.133691196770884,0.3656455226730868,2.7658231711754504,-1.8321902743860525,-1.4056485134086838
0.24776458726670558,0.13375189331051424,0.36564312348726835,2.76578049504365,-1.8323675781549067,-1.4049102821139283
0.2476096090197739,0.13381083825955822,0.36564149238455856,2.765737859856333,-1.832543152062689,-1.4041721488488152
0.24745475863683186,0.13386803274332312,0.36564063016601933,2.7656952608911216,-1.8327169972436075,-1.403434128410442
0.24730003684197,0.1339234759153717,0.3656405366459785,2.765652699075559,-1.8328891139771537,-1.4026962050037268
0.2471454457916069,0.13397716595725995,0.3656412120323984,2.765610174606156,-1.8330594980560615,-1.401958392748184
0.24699099367551813,0.13402909917428354,0.36564265631044135,2.7655676899974746,-1.8332281403461876,-1.4012207200090188
0.24683666820568595,0.13407927843731565,0.3656448703823245,2.765525238491582,-1.8333950456548385,-1.4004831952905867
0.2466824751651644,0.13412770105929447,0.3656478539053576,2.7654828236689637,-1.8335602116136165,-1.3997457976614445
0.24652842186643786,0.13417436371100536,0.36565160698055754,2.765440447043561,-1.8337236285360223,-1.3990085663490437
0.2463744984578815,0.1342192686791571,0.3656561303250019,2.765398102989447,-1.8338852999273727,-1.3982715112405888
0.24622071504456233,0.13426241172824768,0.36566142359579956,2.7653557964321656,-1.8340452191054184,-1.3975346265354314
0.2460670636318265,0.13430379472172813,0.36566748745147226,2.76531352201461,-1.8342033872606358,-1.3967979360224736
0.24591354883188954,0.13434341503768846,0.36567432187880233,2.765271282133511,-1.8343598012858653,-1.39606142886855
0.24576017204402545,0.13438127155813714,0.3656819270674596,2.7652290760200677,-1.834514456872685,-1.3953251289721715
0.2456069263864058,0.1344173655682132,0.3656903035540573,2.7651869000327123,-1.8346673570873313,-1.3945890337858216
0.2454538184010051,0.13445169368843155,0.3656994513783953,2.765144757091503,-1.83481849672801,-1.3938531401031586
0.24530084932301266,0.13448425512570938,0.3657093706767942,2.765102646075265,-1.8349678713339999,-1.3931174770845083
0.24514801670357222,0.13451504985125068,0.36572006179367067,2.765060565141935,-1.8351154807198353,-1.3923820494534882
0.24499532157196446,0.1345440764506412,0.3657315250036053,2.7650185143184443,-1.8352613228087997,-1.3916468574038825
0.24484276624918078,0.13457133346948538,0.36574376044938295,2.7649764936581853,-1.835405393774156,-1.3909119144412847
0.24469035009207296,0.13459682050805213,0.3657567683669638,2.764934501844992,-1.835547691856006,-1.3901772323348975
0.24453807123014482,0.13462053717558484,0.36577054915589224,2.764892537455455,-1.8356882168173745,-1.3894428113275077
0.2443859398268282,0.13464247945539914,0.36578510266387587,2.7648506040627563,-1.8358269595579484,-1.3887086695904518
0.24423394471568782,0.13466265122828477,0.36580042928077394,2.764808695029749,-1.8359639250675877,-1.3879748245740642
0.24408209046835827,0.134681048656335,0.36581652960596855,2.764766812902586,-1.8360991100099289,-1.387241254494372
0.24393038058063166,0.13469767067058713,0.3658334035238193,2.764724957640824,-1.836232509271459,-1.3865079862366507
0.24377880716769829,0.13471251925705963,0.36585105156798625,2.7646831248125525,-1.8363641265910073,-1.3857750218317533
0.2436273733275809,0.13472559123829178,0.3658694744046693,2.7646413158600263,-1.8364939589174796,-1.3850423473247884
0.24347608154651423,0.13473688562316125,0.3658886720573591,2.7645995305114868,-1.8366220022062436,-1.3843099826838914
0.24332493771033326,0.13474640045608235,0.3659086443648869,2.764557769960377,-1.8367482501189418,-1.3835779510967376
0.2431739356866056,0.1347541378867609,0.3659293915491457,2.7645160301368135,-1.8368727050327134,-1.3828462653225073
0.24302308276606288,0.13476009384642734,0.36595091399743307,2.7644743138761445,-1.8369953605055804,-1.3821149237091286
0.24287236951900226,0.134764271795276,0.3659732119767616,2.7644326155784715,-1.83711622132863,-1.3813839381952708
0.24272180558134293,0.13476666612102423,0.3659962861050592,2.764390939399096,-1.8372352794291469,-1.3806533005467923
0.24257138335957684,0.1347672804594643,0.3660201363000952,2.764349280164797,-1.837352538207201,-1.37992303342677
0.24242110974866726,0.13476611024714674,0.3660447632527002,2.7643076406721687,-1.8374679913820986,-1.3791931292750368
0.24227098548929815,0.13476315640495098,0.36607016657340896,2.7642660194123185,-1.8375816365625377,-1.3784636163854516
0.24212100195500863,0.13475842061580945,0.3660963470905365,2.764224411928381,-1.8376934785371128,-1.3777344867343784
0.2419711750044744,0.13475189558686923,0.3661233051363082,2.7641828246398163,-1.8378035042939378,-1.3770057450238187
0.2418214876379956,0.13474358961774074,0.3661510403531012,2.7641412478694747,-1.837911724588966,-1.3762774173852501
0.2416719509592813,0.13473349391633574,0.36617955445942796,2.7640996871486285,-1.8380181297789875,-1.3755494729490048
0.24152256193270594,0.13472161197371849,0.36620884669739495,2.76405813891925,-1.8381227206042656,-1.3748219469525642
0.2413733218728975,0.13470794171190043,0.36623891778460305,2.7640166030897357,-1.8382254945506074,-1.3740948361435306
0.24122423453928965,0.13469248191848926,0.3662697677039295,2.7639750799862037,-1.838326447438084,-1.373368155635994
0.24107529904084846,0.13467523342308882,0.36630139639788517,2.7639335677975887,-1.8384255786390193,-1.3726419202703108
0.24092651375378393,0.13465619562758338,0.36633380450597697,2.7638920649695202,-1.8385228878728226,-1.3719161287410082
0.24077788216855334,0.1346353664146076,0.36636699243839765,2.763850572042998,-1.8386183710969486,-1.3711907860517447
0.24062940230013785,0.13461274687600044,0.36640096023212787,2.7638090867832528,-1.8387120285794474,-1.3704659042935496
0.2404810685686285,0.13458833683778088,0.36643570904252587,2.763767606171167,-1.8388038627313392,-1.3697414719130272
0.2403328949751713,0.13456213008823142,0.36647123921501046,2.7637261353200513,-1.8388938615416281,-1.3690174985310544
0.24018487207969086,0.13453413376487677,0.3665075495915966,2.7636846678221962,-1.8389820318021453,-1.3682940174379363
0.2400370070957618,0.13450434170423564,0.366544641651233,2.7636432065341516,-1.8390683660013338,-1.3675710142427981
0.23988929651904867,0.13447275708750608,0.36658251486027904,2.7636017481677477,-1.8391528661687047,-1.3668485103050891
0.23974174574283458,0.13443937659478278,0.3666211698607864,2.7635602941534336,-1.839235526733423,-1.3661265071567739
0.23959434261031598,0.13440420465819405,0.3666606070689229,2.7635188380011004,-1.8393163557620082,-1.3654050060096803
0.23944709868499459,0.13436723253572747,0.3667008283487785,2.7634773845099354,-1.8393953418517135,-1.3646839904619545
0.23930000619993086,0.1343284664781817,0.3667418326371028,2.7634359282234655,-1.8394724909502354,-1.3639634887195777
0.23915307657818152,0.134287899717918,0.3667836210281621,2.763394473358385,-1.8395477923691486,-1.3632434981353743
0.23900630910575726,0.13424553727813457,0.36682619177586306,2.76335301724805,-1.8396212474476026,-1.3625240579702258
0.23885969950999097,0.1342013792482966,0.36686954579187137,2.7633115571522353,-1.8396928579251852,-1.3618051627917875
0.2387132484164538,0.1341554227698659,0.36691368439974537,2.7632700926359273,-1.8397626212844929,-1.361086803281467
0.23856695070823752,0.1341076685188951,0.3669586084309189,2.7632286204743663,-1.8398305399252264,-1.3603689765773033
0.23842081827867645,0.1340581106986171,0.36700431855035553,2.7631871447094842,-1.8398966031187254,-1.359651688573165
0.2382748400068655,0.13400675717850052,0.3670508136020596,2.7631456585531913,-1.83996082009879,-1.3589349632903849
0.23812902906221511,0.13395359877277657,0.3670980954777212,2.763104167147302,-1.8400231778554956,-1.3582187892868527
0.2379833714817794,0.1338986447700244,0.3671461629117372,2.763062662473297,-1.8400836881249523,-1.357503190040797
0.23783787858495797,0.13384188458714388,0.3671950187265718,2.763021149208784,-1.8401423382356898,-1.3567881417365721
0.23769255221801222,0.1337833235527264,0.3672446606424593,2.7629796257159756,-1.8401991287531443,-1.3560736867193155
0.2375473921277198,0.13372296240252154,0.36729508868174987,2.762938090488413,-1.840254059380984,-1.3553598342408355
0.23740238862351326,0.13366080231582386,0.36734630429653636,2.762896538561252,-1.8403071356078446,-1.3546465714018265
0.23725755177119323,0.13359683494974967,0.3673983096240121,2.762854973629832,-1.8403583464045783,-1.353933885241325
0.23711288034885936,0.13353106591610947,0.3674511028020033,2.7628133929895196,-1.8404076945472314,-1.3532218091629131
0.23696837413656002,0.13346349407804392,0.36750468467395025,2.762771795431899,-1.8404551787800882,-1.3525103423021607
0.23682402710018113,0.13339411976884674,0.3675590564593243,2.7627301773954245,-1.8405008019855644,-1.3517994773451611
0.2366798517699249,0.13332293624000588,0.3676142192383671,2.762688543111255,-1.840544552427845,-1.3510892166079362
0.23653584277063322,0.13324995191170955,0.3676701706722154,2.7626468880195287,-1.8405864370741312,-1.350379595260332
0.23639200259828907,0.13317516250821043,0.36772691251445666,2.7626052123391376,-1.8406264513857173,-1.349670603064594
0.23624833041699045,0.13309856922662905,0.3677844447522951,2.7625635142567604,-1.8406645957886727,-1.3489622491899445
0.23610482416433243,0.13302017134528638,0.36784276841350705,2.762521791782403,-1.8407008703311447,-1.3482545305084728
0.23596149257566745,0.13293996541321842,0.36790188385814204,2.762480047238021,-1.8407352673150146,-1.3475474559588667
0.23581832466953134,0.13285795879516973,0.36796179017610275,2.7624382742630815,-1.8407677966109386,-1.3468410400223727
0.2356753282321682,0.1327741420620603,0.3680224904820788,2.762396475610322,-1.8407984475365637,-1.346135261413818
0.23553250398824543,0.13268851989118213,0.368083983029017,2.7623546495753044,-1.8408272217793993,-1.345430148315509
0.23538984810074215,0.13260109308359233,0.3681462685280925,2.76231279329362,-1.8408541213419556,-1.3447257004348816
0.23524737181249566,0.1325118565713325,0.36820934764896496,2.7622709101803427,-1.840879136156767,-1.3440219242468388
0.23510506200415948,0.13242082025502094,0.3682732187703406,2.7622289928402997,-1.8409022790758676,-1.3433188393084108
0.23496292017505782,0.13232797370547114,0.36833788657231636,2.7621870417024037,-1.8409235421653778,-1.3426164077402885
0.23482095575244788,0.13223331568583657,0.36840335040538497,2.76214505900718,-1.8409429187045587,-1.3419146491644813
0.23467916155454782,0.13213685410133807,0.36846960850700117,2.762103039818482,-1.8409604170830924,-1.3412135865196315
0.23453754421252127,0.132038582104962,0.36853666315444333,2.7620609859891823,-1.8409760286613195,-1.3405132088344756
0.23439609580942733,0.13193850539374802,0.3686045136791771,2.762018892574129,-1.8409897609049657,-1.3398135277556216
0.2342548310662056,0.13183661517812617,0.368673161835279,2.761976764606438,-1.8410015993792173,-1.3391145411287795
0.23411373822251713,0.13173292445938153,0.3687426044412476,2.761934594972511,-1.8410115585184368,-1.3384162818399576
0.23397282489186688,0.13162742251784157,0.3688128453297377,2.7618923862357323,-1.8410196265601648,-1.3377187254714622
0.23383208585364823,0.13152011557637197,0.3688838831587409,2.7618501344369277,-1.8410258099535428,-1.3370218902012925
0.23369152721294695,0.13141099819832466,0.3689557197361948,2.7618078410049227,-1.8410301011963348,-1.3363257701359266
0.2335511393028642,0.13130007621569936,0.36902835466318074,2.7617655003706347,-1.8410325089914907,-1.3356303728692414
0.23341093065578633,0.13118733981775885,0.3691017912628147,2.761723115245506,-1.8410330215142532,-1.3349356807825605
0.23327090058737854,0.1310727956742481,0.3691760272392617,2.7616806833522363,-1.8410316431263427,-1.3342417216757467
0.23313104582824717,0.13095644343671461,0.36925106381634776,2.761638202095649,-1.8410283748928864,-1.3335484914670976
0.23299137127666336,0.13083827903228382,0.3693269024565433,2.76159567226328,-1.8410232108404936,-1.3328559876045567
0.23285187908665916,0.13071830603211054,0.3694035417482162,2.761553092951065,-1.8410161517665076,-1.332164230508933
0.2327125663626144,0.13059652656149484,0.3694809817849187,2.761510461491414,-1.8410072002748008,-1.3314732256060562
0.23257343160170096,0.13047293776167337,0.3695592246168564,2.761467776147088,-1.8409963547452608,-1.3307829628990215
0.2324344802279774,0.13034753697319407,0.3696382710270907,2.761425037759388,-1.8409836098981764,-1.3300934457696192
0.23229571185882802,0.13022032886822402,0.36971811957643985,2.7613822444057834,-1.840968968790065,-1.3294046929672019
0.23215712926326493,0.13009131268596172,0.3697987706801691,2.7613393957872443,-1.8409524289688914,-1.3287167092696377
0.23201873244805649,0.12996049077886973,0.36988022386229646,2.76129649032903,-1.8409339917103316,-1.3280295052483972
0.23188051510216523,0.12982786361340481,0.3699624805680579,2.7612535242050296,-1.840913660388866,-1.327343074041184
0.23174248344346804,0.12969342387596394,0.3700455435331953,2.761210498876171,-1.8408914259909759,-1.3266574040314991
0.23160463759491057,0.12955717698753536,0.37012941092716867,2.7611674125879637,-1.8408672919561877,-1.3259725162709013
0.2314669725977101,0.12941912351179619,0.3702140839403594,2.7611242620048975,-1.8408412610023768,-1.3252884067304855
0.2313294972377622,0.12927925714610794,0.370299564447532,2.761081049460125,-1.8408133234266235,-1.3246050716030142
0.2311922023253392,0.12913758708221793,0.37038585056235895,2.7610377694365593,-1.8407834905239824,-1.323922528293798
0.23105509611740604,0.12899410311797138,0.3704729459926044,2.7609944242991573,-1.8407517500136918,-1.3232407594551607
0.2309181780071703,0.12884881300856169,0.3705608480238409,2.7609510119044796,-1.8407181075654877,-1.322559791318095
0.23078144332026396,0.12870171667665511,0.3706495581124434,2.760907529056752,-1.8406825653117316,-1.3218796182071029
0.2306448980768856,0.1285528081705476,0.37073907849365484,2.7608639769715384,-1.8406451152673415,-1.321200233030721
0.23050853852144337,0.12840209356280174,0.3708294077521186,2.7608203524313533,-1.840605763631657,-1.320521651047683
0.23037236686779305,0.1282495685828582,0.370920548045105,2.760776655090354,-1.8405645057111293,-1.3198438644739612
0.23023638888048215,0.1280952345872867,0.3710124984291634,2.7607328856414335,-1.8405213391135744,-1.3191668882683687
0.23010059679888828,0.12793909841866874,0.3711052578448075,2.760689039327605,-1.8404762728548323,-1.318490733142883
0.22996499784329139,0.12778115095136836,0.3711988297720614,2.760645117959255,-1.8404292959046373,-1.3178153840904057
0.2298295855580701,0.12762139986746077,0.37129321256410464,2.760601117240156,-1.8403804172422393,-1.3171408562358071
0.22969437069404197,0.12745983726078242,0.37138840857077215,2.7605570402481785,-1.8403296248457386,-1.3164671435695778
0.2295593448647657,0.127296475314046,0.371484414477238,2.760512881754108,-1.840276932214416,-1.3157942711002644
0.229424512618273,0.1271313045797766,0.3715812343986742,2.76046864252181,-1.8402223294648392,-1.315122219150133
0.229289867590031,0.12696432975681032,0.3716788680194656,2.760424318457761,-1.8401658233374896,-1.314450993723964
0.22915542080467288,0.12679554263238244,0.3717773178141839,2.7603799127196615,-1.8401074013892582,-1.3137805884200402
0.22902116328406663,0.12662495603385146,0.37187658029322623,2.7603354198696723,-1.8400470780516551,-1.313111028449589
0.22888710544525148,0.12645255928021495,0.3719766591533027,2.7602908429300954,-1.8399848393032434,-1.3124422993254725
0.22875323512313184,0.12627836461437464,0.37207755171612056,2.760246175291948,-1.8399207008918355,-1.311774419696253
0.22861956352013602,0.12610235718087337,0.37217926343062047,2.76020142041767,-1.839854645101236,-1.3111073647943432
0.2284860875155128,0.12592454954184074,0.3722817899337403,2.7601565751848574,-1.8397866831625609,-1.310441166170812
0.22835280318184603,0.12574493879781057,0.3723851339268158,2.7601116367613328,-1.8397168147154543,-1.309775811526245
0.228219718397924,0.12556351909014507,0.3724892974259646,2.7600666069549047,-1.8396450307858823,-1.3091112965308223
0.22808683216553005,0.12538029977153048,0.37259427715117255,2.760021483620304,-1.8395713390619886,-1.3084476459243346
0.22795414282869508,0.12519528029126992,0.3727000743798108,2.7599762647154282,-1.8394957398343397,-1.307784856672277
0.22782165012294442,0.1250084582522233,0.372806690987431,2.759930948787596,-1.839418231192209,-1.3071229227871592
0.22768934836059618,0.12481983299472589,0.3729141290046236,2.759885532223731,-1.8393388154635137,-1.3064618361407745
0.22755725158702855,0.12462939619118453,0.37302239054172737,2.7598400192576342,-1.8392574784231752,-1.305801593774198
0.2274253509703561,0.12443716576675615,0.37313146982026835,2.7597944045142313,-1.8391742388402588,-1.3051422317025274
0.22729364808751784,0.12424313136704573,0.373241372006222,2.7597486874719155,-1.8390890875080832,-1.3044837257106794
0.2271621467158922,0.1240472937854436,0.3733520968816293,2.759702868132891,-1.8390020229149522,-1.3038260831377826
0.2270308387968174,0.12384965818665587,0.3734636442868513,2.7596569418088737,-1.838913053327045,-1.3031693077978017
0.2268997369407897,0.12365021352119873,0.37357601784365624,2.759610912224395,-1.8388221630842612,-1.3025133877107036
0.22676883058280195,0.123448976083393,0.3736892128103366,2.7595647734578486,-1.8387293707398005,-1.3018583514015776
0.22663812401100092,0.12324593252507896,0.3738032352833376,2.7595185260506034,-1.8386346631775634,-1.3012041712326008
0.22650761887069226,0.12304108720139947,0.37391808383002045,2.7594721691021995,-1.8385380429171794,-1.3005508604240372
0.2263773218970564,0.12283444263854357,0.37403375697679664,2.759425703743333,-1.8384395083434777,-1.299898433205406
0.2262472242372633,0.1226260086879249,0.37415025260304335,2.759379124923098,-1.8383390720378272,-1.2992469032439686
0.2261173252620967,0.12241577355432987,0.37426757697678936,2.7593324312021736,-1.8382367246933489,-1.2985962414630365
0.2259876334571631,0.12220373479524539,0.3743857305910827,2.7592856244845745,-1.8381324597515316,-1.297946451920647
0.22585814415546857,0.1219899043515376,0.3745047096760674,2.7592387013247506,-1.8380262893257486,-1.2972975578374804
0.22572885820317445,0.12177427657311521,0.37462451748965653,2.7591916607254103,-1.8379182083070822,-1.296649546709045
0.22559977698950062,0.12155685193944273,0.37474515442770184,2.759144501795341,-1.837808216295062,-1.2960024211709347
0.22547090149362514,0.1213376324466241,0.37486662027316364,2.7590972234653006,-1.8376963143567897,-1.2953561868274444
0.22534223359962935,0.1211166197149664,0.37498891482891694,2.7590498250316307,-1.8375825027902977,-1.29471084919458
0.22521377028141343,0.12089381668486354,0.3751120381400175,2.7590023038667226,-1.8374667855782532,-1.294066411468491
0.22508551211334327,0.12066921902194423,0.37523599294687116,2.7589546588308496,-1.837349158825877,-1.2934228640588763
0.22495745419382196,0.12044282687777391,0.3753607808930983,2.7589068865890627,-1.8372296252059883,-1.2927802020652586
0.22482960380417305,0.12021463262739497,0.3754864050890556,2.7588589886273125,-1.837108174550729,-1.2921384157847813
0.2247019647756714,0.11998464657478397,0.3756128610831717,2.758810964925879,-1.8369848133351177,-1.2914975319453554
0.22457452683539714,0.11975287568224452,0.3757401483463154,2.758762810011196,-1.8368595527317344,-1.290857555120921
0.22444729881430092,0.11951930475236774,0.3758682731920979,2.758714526029146,-1.8367323754860132,-1.2902184601644073
0.22432027648234554,0.11928394565851597,0.3759972318346978,2.758666109832357,-1.836603293675325,-1.289580268614955
0.22419346236869275,0.11904679311394252,0.3761270271606132,2.7586175610285086,-1.8364723015790885,-1.2889429709131695
0.22406685655541247,0.11880785042167478,0.37625765856219373,2.7585688782222477,-1.8363394019134238,-1.288306573803581
0.2239404612430067,0.11856711814259294,0.37638912632584764,2.7585200608659983,-1.836204594008803,-1.2876710799808035
0.2238142787757207,0.1183245999975755,0.37652142927429577,2.7584711084664586,-1.8360678797734533,-1.2870364988532732
0.22368830069773704,0.11808030001229843,0.37665456793126295,2.758422016309451,-1.835929267059915,-1.2864028302035098
0.22356253260816938,0.11783420495059514,0.37678854832702235,2.7583727852007045,-1.8357887418700458,-1.2857700505977694
0.22343697328978918,0.11758632219351874,0.3769233682320261,2.758323413249232,-1.8356463110624,-1.2851381738403749
0.22331162448889597,0.1173366506991314,0.3770590287685931,2.7582738997366443,-1.8355019728859094,-1.2845071986070027
0.2231864876971721,0.11708519328882788,0.3771955293383351,2.7582242438516187,-1.8353557289792164,-1.2838771312753847
0.22306156484085182,0.1168319529741149,0.37733286918430897,2.7581744449648093,-1.8352075809303985,-1.2832479787786946
0.22293684950139303,0.11657693316423601,0.37747104878846516,2.758124499179335,-1.8350575350531808,-1.2826197414224336
0.22281235083927609,0.11632012384635099,0.3776100721467075,2.758074408665429,-1.8349055781554093,-1.28199240577982
0.22268805933717895,0.11606153889054097,0.37774993547647995,2.7580241683551927,-1.8347517270287286,-1.2813659907449304
0.22256398443678815,0.11580116432305737,0.3778906445589758,2.757973780500905,-1.8345959649731065,-1.280740475138172
0.2224401217821419,0.11553901439109811,0.3780321945641112,2.7579232420879674,-1.8344383064303666,-1.2801158827067172
0.2223164718288353,0.11527508359801796,0.37817458891782896,2.7578725518812464,-1.834278746594016,-1.2794922016568504
0.222193031466265,0.11500937178713957,0.37831782920436074,2.7578217072707036,-1.8341172870508617,-1.2788694280299022
0.22206981209417664,0.1147418741835014,0.37846191667581497,2.757770711319589,-1.8339539178603443,-1.278247560537991
0.22194680769938957,0.11447261014676181,0.3786068444305275,2.7577195604652367,-1.8337886587727128,-1.2776266307597892
0.22182400859902618,0.11420157121483836,0.3787526190015795,2.757668249446964,-1.833621507767764,-1.2770066131387234
0.22170142687213668,0.11392873950254416,0.3788992475885484,2.7576167814479637,-1.8334524433526775,-1.2763874815351441
0.2215790594270297,0.11365413401646539,0.3790467229614314,2.7575651540800528,-1.8332814834898148,-1.2757692689022873
0.22145690655481154,0.11337775209132223,0.37919504731041065,2.7575133660573057,-1.8331086258721876,-1.2751519689624669
0.2213349700455547,0.1130995940906898,0.3793442211793234,2.7574614167222156,-1.8329338700018247,-1.274535582343449
0.22121325378408851,0.11281966383084403,0.3794942431654873,2.757409306297702,-1.8327572172552729,-1.2739201175945605
0.22109174944355336,0.11253796862367588,0.3796451123206821,2.7573570302472534,-1.8325786784118496,-1.273305580641972
0.22097046452049263,0.11225449484342467,0.3797968347019822,2.7573045899695336,-1.83239823799342,-1.2726919499218838
0.22084939055567876,0.11196925381035308,0.37994940753739526,2.7572519809380776,-1.8322159103002218,-1.2720792388662325
0.22072853653751956,0.11168223223694611,0.3801028364932435,2.7571992051261778,-1.8320316793440035,-1.271467427803062
0.22060790327463753,0.11139344530010627,0.3802571154447498,2.757146261757719,-1.8318455579328847,-1.2708565435132315
0.22048748102427806,0.11110289630266888,0.3804122455508694,2.7570931456960537,-1.8316575541787732,-1.2702465834692727
0.22036728238790326,0.11081056843287816,0.3805682335234484,2.75703986026415,-1.8314676471506013,-1.2696375240605695
0.22024729921889286,0.11051648267620445,0.38072507205763384,2.756986401294718,-1.8312758594066265,-1.2690293959317098
0.2201275358720829,0.11022062733548346,0.3808827669005346,2.7569327689406546,-1.8310821787395422,-1.2684221790817727
0.22000799012180527,0.10992300895567358,0.38104131644919614,2.7568789611135576,-1.830886612157141,-1.267815881920163
0.21988865683920178,0.10962362390755903,0.3812007243217106,2.7568249743614355,-1.830689159374258,-1.2672104929015815
0.2197695405798994,0.10932246202256328,0.3813609955498283,2.7567708089113094,-1.8304898093657522,-1.2666059953825821
0.21965065181445675,0.10901953188400194,0.38152212544884345,2.756716467762901,-1.8302885642981475,-1.2660024092880136
0.21953198236524551,0.10871485528210038,0.38168410632945493,2.7566619468638165,-1.8300854475795207,-1.2653997654442835
0.21941352762913136,0.10840841939946372,0.38184694601286484,2.7566072427628416,-1.8298804506840143,-1.2647980365615175
0.21929529455655672,0.10810021373626691,0.3820106493049351,2.756552356622674,-1.8296735610479928,-1.2641972067907143
0.21917728106875822,0.10779025052240179,0.38217521194415993,2.7564972865990107,-1.8294647906118129,-1.263597293975665
0.21905949028727667,0.10747852834028751,0.38234063515570593,2.7564420325746934,-1.8292541367304445,-1.2629982953916112
0.2189419151964711,0.10716505278070579,0.3825069186076049,2.75638659059405,-1.8290416081590082,-1.2624002143759088
0.21882456481453438,0.10684981177810962,0.3826740675141296,2.7563309625886747,-1.828827189883874,-1.2618030335395158
0.21870743653632108,0.10653282181494003,0.3828420757148028,2.756275146672778,-1.828610897892743,-1.2612067769925355
0.2185905281719962,0.10621408056014714,0.38301094577132555,2.7562191406048395,-1.8283927315287996,-1.2606114372782227
0.2184738368208463,0.10589358294187781,0.3831806816552832,2.756162941769442,-1.8281726880979814,-1.2600170021785915
0.2183573668451766,0.10557132274154549,0.38335128666044227,2.7561065503952578,-1.8279507601099534,-1.2594234616548343
0.21824112327878264,0.10524730898655836,0.3835227568308279,2.7560499674524914,-1.8277269530935616,-1.2588308310594147
0.21812510278217845,0.10492155402228603,0.3836950880602146,2.755993190707552,-1.8275012798733363,-1.2582391264423836
0.218009302644246,0.1045940531195851,0.38386828414186236,2.7559362176398827,-1.8272737379715442,-1.257648336177633
0.21789371964257098,0.10426479946541409,0.38404234994257447,2.7558790454418416,-1.827044323332415,-1.2570584452654328
0.21777836079897783,0.10393378608922345,0.3842172886894577,2.7558216753705533,-1.8268130264218292,-1.256469443717044
0.21766322414551853,0.10360102690266555,0.38439309531663923,2.755764105814712,-1.826579860756538,-1.25588135065005
0.2175483172049426,0.1032665218557075,0.38456976971872914,2.755706338488943,-1.8263448226536032,-1.2552941670158584
0.2174336238288772,0.10293028547130775,0.3847473089176834,2.7556483661855014,-1.8261079335799757,-1.254707905760993
0.21731915846275385,0.10259228767030686,0.3849257257845251,2.7555901922992567,-1.8258691597842,-1.2541225234148161
0.21720491874447623,0.10225255447677459,0.38510500961391525,2.7555318155535886,-1.8256285257239113,-1.2535380574656079
0.21709090220703997,0.10191108596488146,0.3852851619308424,2.7554732336996786,-1.825386033040062,-1.2529545041696752
0.21697710872935616,0.10156787713093646,0.3854661862655899,2.75541444522872,-1.8251416776667877,-1.2523718529820649
0.21686353772902534,0.10122292705770279,0.38564808430613673,2.7553554485967733,-1.8248954593834474,-1.2517900996356632
0.2167501888316341,0.1008762346162037,0.3858308578103058,2.7552962423334457,-1.8246473776741141,-1.2512092396630747
0.21663706800893223,0.10052780015535054,0.38601450677715743,2.755236827566552,-1.8243974300405141,-1.25062927345617
0.21652416518528828,0.10017763614409976,0.3861990281715115,2.755177199503989,-1.8241456330528083,-1.2500502133361986
0.21641149071945076,0.0998257243562457,0.3863844300438628,2.7551173602750003,-1.8238919654873842,-1.2494720329664868
0.21629904480167417,0.09947208533193379,0.3865707038197974,2.755057309549886,-1.8236364457647185,-1.248894760810147
0.21618682182321391,0.09911672348362782,0.38675784951976033,2.7549970440268363,-1.823379081031541,-1.2483183983930515
0.21607482320953375,0.098759627588969,0.38694587339506614,2.7549365625459914,-1.8231198609060437,-1.2477429265008433
0.2159630486939248,0.09840079906935979,0.3871347759993351,2.75487586380665,-1.8228587871041073,-1.2471683443780637
0.21585149467684417,0.0980402374653605,0.38732455933973853,2.7548149450886426,-1.8225958613970228,-1.2465946473122393
0.2157401688178071,0.09767793609282961,0.38751522649722725,2.754753807904964,-1.8223310741890402,-1.2460218253536584
0.21562906665121195,0.0973139113051196,0.38770677164838996,2.754692449955457,-1.8220644426664072,-1.2454498982563194
0.21551818851439064,0.09694815672077345,0.3878991989604481,2.7546308698397093,-1.8217959613041215,-1.2448788538517157
0.21540754500087322,0.09658067434557763,0.3880925069048897,2.754569070661031,-1.8215256267412043,-1.2443086955527631
0.21529712339367935,0.09621148829425695,0.38828668733093763,2.754507047231638,-1.8212534674005716,-1.2437394511648838
0.21518692909303505,0.09584057511885478,0.3884817516882997,2.7544447993785433,-1.8209794599308877,-1.2431710852673405
0.21507695561714746,0.09546794198973366,0.38867769885056447,2.754382323610435,-1.820703614422512,-1.2426036032608274
0.21496721227893767,0.09509357722289809,0.38887453403803796,2.7543196218595676,-1.8204259159725693,-1.2420369881942097
0.21485769674064148,0.09471750106376454,0.3890722491991614,2.7542566929627554,-1.8201463842222803,-1.2414712652059952
0.21474840361525516,0.09433971205864963,0.3892708471328403,2.7541935334683205,-1.8198650210171432,-1.2409064275082968
0.21463933692335857,0.09396019812117812,0.3894703341516863,2.754130143154842,-1.8195818138284767,-1.2403424560424285
0.21453049684295467,0.09357896707786591,0.3896707077078214,2.754066521269976,-1.819296769920042,-1.2397793588256545
0.21442188382675065,0.09319602198010328,0.3898719674865303,2.7540026669373634,-1.819009892151611,-1.239217137095919
0.21431349810170364,0.09281136545594955,0.3900741134133432,2.753938579175269,-1.8187211831272843,-1.2386557913589684
0.2142053397121062,0.09242499946857914,0.39027714576305694,2.753874256899528,-1.818430644955554,-1.2380953210872165
0.21409740888387674,0.09203692542820244,0.3904810650465296,2.753809699073005,-1.8181382791593914,-1.2375357249952676
0.213989701640259,0.09164714416813234,0.3906858727530522,2.7537449029379664,-1.817844088913934,-1.2369770000431852
0.21388222239011023,0.09125564751491051,0.3908915732987861,2.753679868614065,-1.8175480649886473,-1.236419132796739
0.21377496942031948,0.09086244509692527,0.39109816358580063,2.7536145947395814,-1.8172502172855656,-1.2358621327942914
0.21366794151467472,0.09046753537543747,0.3913056457900477,2.753549079539545,-1.8169505454324086,-1.2353059944072982
0.2135611499600305,0.09007091819244524,0.3915140193485611,2.7534833263573404,-1.816649043861896,-1.234750716311258
0.2134545815639477,0.08967262055535091,0.391723274708474,2.75341733024235,-1.8163457440398114,-1.2341963287773818
0.21334823814484594,0.08927261631156364,0.3919334253762874,2.7533510892412263,-1.8160406219163718,-1.2336427935805527
0.21324212466838466,0.0888709056695334,0.3921444716743858,2.7532846041727006,-1.815733675513877,-1.2330901085809172
0.21313623521501768,0.0884675011081904,0.3923564098242216,2.753217872197665,-1.8154249195039234,-1.2325382859610343
0.21303057263605663,0.08806239175901223,0.3925692458361598,2.7531508926357726,-1.815114343034434,-1.2319873084131503
0.2129251411632267,0.08765558423671921,0.3927829770725355,2.7530836664051264,-1.8148019502877224,-1.231437181915068
0.21281993469358618,0.08724709087441676,0.39299759984566496,2.7530161906185966,-1.8144877559227874,-1.2308879181914927
0.2127149546973559,0.08683689991428242,0.3932131208373182,2.752948463979569,-1.8141717489966431,-1.2303394985754759
0.2126102094919271,0.08642501520137474,0.39342953806905623,2.7528804889087333,-1.8138539291169415,-1.229791925669721
0.21250568857804275,0.08601145843583957,0.39364684404456707,2.752812261361655,-1.8135343216732134,-1.2292452225358959
0.21240139661116775,0.08559620923882251,0.393865049098272,2.752743780783748,-1.8132129063096483,-1.228699359771754
0.2122973291937078,0.08517927474107753,0.39408415176883316,2.752675044685585,-1.812889692138908,-1.2281543424821317
0.21219349477248528,0.08476064799358825,0.39430415528584795,2.752606054871638,-1.8125646689747998,-1.22761015909827
0.21208988080868352,0.08434034796875371,0.39452505379440916,2.752536806342525,-1.8122378608131333,-1.2270668288992952
0.21198650272267594,0.08391835041442283,0.39474685776627605,2.752467302596353,-1.8119092382595283,-1.226524318923149
0.21188334754622673,0.08349468883293693,0.3949695543608107,2.752397539436473,-1.8115788386809475,-1.2259826666812443
0.21178041807114134,0.08306933832323771,0.39519315646659914,2.7523275151995934,-1.8112466385598927,-1.2254418373734208
0.21167772081713165,0.08264230259102646,0.395417662483452,2.7522572316090597,-1.8109126383412406,-1.224901832527424
0.2115752458534521,0.08221359916110128,0.39564306680477035,2.7521866846821323,-1.8105768594073524,-1.224362669641085
0.2114730032150507,0.08178320890664405,0.39586937834849767,2.7521158760369224,-1.8102392797465625,-1.2238243218222333
0.21137099051938257,0.08135115510014777,0.396096587458342,2.752044805159289,-1.8098999221014633,-1.2232868139528439
0.21126919912994646,0.08091743632705051,0.3963246975147918,2.751973467331291,-1.809558790055814,-1.2227501400358334
0.21116763672071537,0.08048203107034309,0.39655371901610126,2.7519018630218786,-1.8092158606288005,-1.2222142702727063
0.21106630152017392,0.08004495560704378,0.39678364560448753,2.7518299915058666,-1.8088711499261696,-1.221679220834668
0.21096519391767998,0.07960621069154573,0.397014478128215,2.7517578518612966,-1.8085246588848467,-1.221144988853319
0.21086431474425327,0.07916579903663197,0.39724621640799374,2.7516854434866227,-1.808176389995892,-1.220611573813231
0.2107636637400212,0.07872372490649637,0.397478859684953,2.7516127654568647,-1.8078263477200667,-1.2200789769889677
0.21066324063740538,0.07827998991932947,0.3977124084932173,2.7515398166603426,-1.8074745341245835,-1.2195471964159625
0.2105630453010936,0.07783459497060272,0.3979468636996877,2.7514665959882487,-1.8071209505546064,-1.2190162292560431
0.2104630852786631,0.07738754335134235,0.3981822237369794,2.751393105624581,-1.8067655966233394,-1.2184860753666409
0.21036334239719778,0.07693885404711634,0.3984184835681768,2.751319338508427,-1.8064084993120904,-1.2179567535302256
0.2102638384242579,0.07648848723364476,0.39865566042181166,2.7512452993859884,-1.806049611808891,-1.217428212182471
0.21016455026289815,0.076036489497716,0.3988937365318379,2.751170981274226,-1.805688988696807,-1.21690050295545
0.21006549591082946,0.07558281328456079,0.3991327335687185,2.7510963867711395,-1.8053265780393872,-1.2163735654546333
0.20996667142645098,0.07512749768865455,0.3993726342811097,2.75102151612995,-1.804962417881664,-1.2158474416194838
0.2098680687004033,0.07467054160923726,0.3996134418196349,2.750946364890425,-1.8045965118260494,-1.2153221264432195
0.2097696978483743,0.07421192505563456,0.3998551656481788,2.750870934509478,-1.804228837013897,-1.214797592186645
0.20967155476689925,0.07375167227708447,0.4000977958037075,2.750795224100805,-1.8038594180912744,-1.214273863087979
0.20957363854221756,0.07328977945151627,0.40034133560360985,2.7507192319091933,-1.8034882525290776,-1.2137509306629188
0.20947594947424042,0.0728262442120379,0.40058578745638074,2.7506429567782784,-1.8031153385053096,-1.2132287880883783
0.2093784874687059,0.07236106812994661,0.40083115189736596,2.7505663977009753,-1.8027406779868422,-1.2127074330947865
0.20928125242949758,0.07189425279258073,0.4010774294545869,2.7504895536735745,-1.802364272958333,-1.2121868634127633
0.2091842442581897,0.07142579980141844,0.4013246206496739,2.750412423695564,-1.8019861254207896,-1.2116670767698428
0.20908746285403668,0.0709557107693652,0.4015727259992745,2.75033500676882,-1.8016062373887425,-1.2111480708919562
0.2089909080101,0.07048398728835258,0.401821746047756,2.7502573018539165,-1.8012246109138286,-1.2106298434708136
0.20889458220484425,0.0700106314868658,0.40207168063664156,2.750179309046656,-1.8008412471816126,-1.210112392463758
0.20879847673429897,0.06953565039061381,0.4023225290029946,2.7501010243186546,-1.8004561575043436,-1.2095957225946536
0.2087026015887523,0.0690590240478082,0.40257430070268807,2.7500224489834766,-1.8000693191132138,-1.2090798063491262
0.20860695401012164,0.06858077766516409,0.40282698499954694,2.749943582937894,-1.799680756921144,-1.2085646678689237
0.20851153369369646,0.06810091214821358,0.40308058278759673,2.749864425070317,-1.7992904724180794,-1.2080503039033157
0.2084163408871511,0.06761942855105618,0.40333509479819596,2.7497849745067815,-1.7988984669521968,-1.2075367112830937
0.20832137417794083,0.06713632916642893,0.40359052141760277,2.749705229807353,-1.7985047438424178,-1.207023888438317
0.20822663393945007,0.06665161207130733,0.4038468648371627,2.749625189897581,-1.7981093016544112,-1.2065118289316696
0.2081321130749103,0.06616527709772173,0.4041041275914019,2.749544850820377,-1.7977121443189972,-1.2060005295340153
0.20803781968216217,0.06567730604034361,0.40436231873272765,2.7494642132080926,-1.797313251613655,-1.205489965071105
0.20794375311197255,0.06518771993405444,0.4046214292074548,2.7493832775476146,-1.7969126436150458,-1.2049801542045286
0.2078499126441904,0.06469652498669501,0.4048814573404609,2.7493020430309603,-1.7965103268819207,-1.204471099441862
0.20775629828455422,0.06420372265300635,0.4051424037039597,2.7492205087357755,-1.79610630326263,-1.2039627980033303
0.20766290974739254,0.06370931506645001,0.4054042685785739,2.749138673683635,-1.7957005753747175,-1.2034552478784624
0.20756974900345515,0.06321330444363207,0.40566705183767815,2.7490565378218648,-1.7952931447813962,-1.202948446659589
0.2074768153346307,0.06271569941594693,0.4059307505817671,2.748974100589978,-1.7948840202749785,-1.2024423992007784
0.2073841032408419,0.06221650048688322,0.4061953667396423,2.748891358767423,-1.794473205604233,-1.2019371027669532
0.2072916171693744,0.061715693353242625,0.40646090804612656,2.748808311816934,-1.794060685961219,-1.2014325370106411
0.20719935622308006,0.061213289092707436,0.40672737040681084,2.7487249593311684,-1.7936464724709222,-1.2009287094197203
0.20710731856371822,0.060709289685047206,0.4069947544258248,2.7486412997047993,-1.7932305683973562,-1.2004256181062867
0.20701550562078053,0.060203692109823924,0.40726306268763146,2.74855733219595,-1.7928129707851201,-1.199923255236212
0.20692391643631325,0.059696501499813814,0.407532294075152,2.748473055847334,-1.7923936853489468,-1.1994216220071736
0.20683255257735134,0.059187718860707755,0.40780244913241304,2.748388470348218,-1.7919727127601497,-1.1989207146784375
0.20674141482358221,0.058677351871018225,0.4080735251774177,2.7483035756976917,-1.791550060207569,-1.1984205365117955
0.20665049443588357,0.05816540454702273,0.40834552289067516,2.7482183677058294,-1.791125736276335,-1.1979210894511059
0.20655980164927312,0.057651854833793384,0.40861845302051614,2.748132847393849,-1.790699716155074,-1.197422343904669
0.20646933343797658,0.05713672990761001,0.40889230368496654,2.7480470150782703,-1.7902720268295431,-1.196924323956795
0.2063790866288211,0.056620029985979294,0.4091670765751876,2.7479608684748724,-1.7898426706235702,-1.196427026199967
0.2062890604815366,0.05610174620738359,0.40944277757095215,2.7478744054061455,-1.7894116403100357,-1.195930437464706
0.2061992686106322,0.055581879913335255,0.4097194051186399,2.7477876304792392,-1.7889789308842203,-1.1954345507158752
0.2061096957432711,0.055060473922125715,0.40999694134755704,2.747700540659763,-1.7885445898205183,-1.1949394087600904
0.20602034164850958,0.05453749389609743,0.41027540490602576,2.7476131315095333,-1.7881085862445432,-1.1944449727122235
0.20593121095742672,0.05401293051678314,0.4105548010629556,2.7475254029582494,-1.7876709098350847,-1.1939512274860815
0.20584230329342956,0.05348679802622231,0.4108351239818213,2.7474373552261127,-1.787231574408712,-1.193458182922922
0.20575361740608455,0.052959101846955375,0.41111637241302046,2.7473489873270527,-1.7867905861174707,-1.1929658402803298
0.20566515520271844,0.052429842476364195,0.4113985470924342,2.7472602990683335,-1.7863479450227449,-1.1924741948995288
0.2055769145394577,0.05189902795464559,0.4116816455787673,2.747171289377343,-1.7859036601307463,-1.1919832508263941
0.20548889666837766,0.05136665647011609,0.4119656698779335,2.7470819575722953,-1.7854577297093346,-1.1914930012898957
0.20540110168275794,0.05083273389727089,0.41225061828243104,2.746992303279157,-1.7850101596696908,-1.1910034473980076
0.2053135204850487,0.05029726140502564,0.41253649292983163,2.74690232193842,-1.7845609561418943,-1.1905145888774475
0.2052261690664916,0.049760216153618635,0.4128233041733764,2.746812016666385,-1.7841100907626617,-1.1900263934839972
0.20513903127508737,0.04922164126473421,0.4131110339527173,2.7467213843472336,-1.783657611739345,-1.1895389040866375
0.20505211500692955,0.048681501668076624,0.41339970013241745,2.7466304235617303,-1.7832034834607882,-1.18905207950294
0.20496542748528102,0.04813981694037086,0.4136892928993747,2.746539138235629,-1.7827477209351619,-1.188565931316623
0.20487895505315734,0.04759661675541631,0.4139798005778954,2.74644752495737,-1.7822903587741314,-1.1880804882629659
0.20479270120373494,0.047051867919173714,0.4142712408013063,2.746355580688142,-1.7818313652630875,-1.1875957127338295
0.2047066656947969,0.04650557237400788,0.4145636139067954,2.746263304526092,-1.78137074286643,-1.1871116021671873
0.2046208526147737,0.04595773386480363,0.41485691862528506,2.7461706975079028,-1.7809084935792172,-1.1866281539831105
0.20453525535259676,0.045408368000283174,0.4151511493107405,2.7460777576249766,-1.7804446355889298,-1.1861453809201146
0.20444988595108748,0.044857464394007125,0.4154463106468975,2.7459844876361648,-1.7799791539772747,-1.1856632637311386
0.20436472766511127,0.04430505775323686,0.4157423887964977,2.7458908835207207,-1.7795120895056833,-1.1851818370302218
0.20427978991055573,0.04375110771191427,0.41603940419767804,2.745796943760541,-1.7790434009322693,-1.184701054592292
0.20419507344956367,0.04319563515200717,0.4163373473208021,2.745702669913882,-1.7785731076879587,-1.184220930952792
0.20411057254610387,0.04263865103123005,0.4166362147205924,2.7456080598787187,-1.7781012232503774,-1.1837414740051395
0.20402628880187335,0.04208014202290462,0.4169360142453469,2.745513111869299,-1.777627735121098,-1.1832626660929164
0.20394222602343293,0.041520112717776496,0.4172367442154086,2.7454178269296183,-1.7771526462369582,-1.1827845051717862
0.20385838019537328,0.040958579581484175,0.41753839807204285,2.7453222042728354,-1.776675974311244,-1.1823070034256133
0.20377475032324677,0.04039553661795942,0.4178409803106409,2.7452262418668947,-1.776197714874006,-1.1818301510929308
0.20369133810421713,0.03983098105583672,0.41814449335440407,2.745129939107714,-1.7757178651119219,-1.1813539402233308
0.20360813988532023,0.03926491900137526,0.41844893589768795,2.7450332942260975,-1.7752364330083725,-1.1808783733861186
0.20352515690812467,0.03869734251597077,0.41875431309786015,2.744936305852718,-1.7747534112063457,-1.1804034381988173
0.20344239238832973,0.038128256856675,0.41906062301186076,2.7448389748814748,-1.7742688035584537,-1.1799291333101531
0.20335985014907054,0.03755768021705369,0.4193678569211958,2.744741303922392,-1.7737826255632883,-1.1794554685695466
0.2032775108043019,0.03698562854996658,0.41967601086179873,2.744643286045978,-1.7732949019438904,-1.1789824627372905
0.20319539308209,0.036412046988522954,0.4199851114941986,2.7445449215595668,-1.7728055735471127,-1.1785100530893409
0.20311349163776438,0.03583698318291862,0.42029513630347526,2.7444462127631897,-1.7723146875103035,-1.1780382801209799
0.20303180604631832,0.03526043915718337,0.4206060855497711,2.744347158762502,-1.771822246487467,-1.1775671410423738
0.20295033584359645,0.03468241672308249,0.4209179596069006,2.7442477586249225,-1.7713282529560725,-1.177096632893401
0.20286907281527444,0.03410291408855528,0.42123076191774644,2.744148007895418,-1.7708327098182466,-1.1766267534853578
0.20278802705615862,0.03352190670318759,0.42154450488387885,2.7440479067945818,-1.770335590098181,-1.1761574714649023
0.20270720310282186,0.032939427122204885,0.4218591721788072,2.74394745995229,-1.7698369222360124,-1.1756888083887702
0.20262657992385558,0.032355499652514504,0.4221747556762596,2.7438466608537815,-1.769336739419739,-1.175220791572235
0.20254617411027143,0.031770064856758345,0.4224912848948492,2.743745508200366,-1.7688349793315086,-1.174753355818332
0.20246598699892893,0.031183164192485163,0.42280873934661245,2.7436440064296144,-1.7683316801883826,-1.1742865318351492
0.2023860083259117,0.030594818496026535,0.4231271110070971,2.7435421529646113,-1.7678268667662729,-1.1738203382956651
0.20230623858511754,0.030005000516953925,0.42344641519367965,2.743439943822269,-1.7673205142386716,-1.1733547466131826
0.20222668825485624,0.029413708133137435,0.4237666526319537,2.743337381965587,-1.7668126161818136,-1.1728897445950421
0.20214734702221726,0.028820978931661988,0.4240878065565288,2.7432344668296444,-1.7663032128611031,-1.1724253653677983
0.20206821646331896,0.02822679296056088,0.4244098883333416,2.7431311957093123,-1.7657922856703105,-1.1719615861499897
0.20198929060847925,0.027631148020459816,0.4247329012500378,2.7430275650051414,-1.765279836021811,-1.1714984037023346
0.20191058033471476,0.027034027877898017,0.42505685333898824,2.742923576117682,-1.7647658442763736,-1.1710357934681708
0.20183208257365726,0.026435469194576837,0.425381727149057,2.742819231321424,-1.764250346365006,-1.1705737835743422
0.20175378986501036,0.025835475525018848,0.4257075231689331,2.7427145271467426,-1.763733349729471,-1.1701123764699697
0.20167570850573524,0.025234025274113434,0.42603425293799946,2.742609462505766,-1.763214831979721,-1.1696515455879302
0.20159783558486133,0.024631135283730884,0.42636190930311035,2.7425040373577363,-1.7626948106555735,-1.1691913020749698
0.20152017046036397,0.024026804246262592,0.4266904942538896,2.7423982503391584,-1.7621732854366219,-1.1687316404845967
0.20144271640002032,0.02342103362626263,0.42702000773042625,2.742292101981356,-1.7616502567004442,-1.1682725553761288
0.20136547305554764,0.022813839845537545,0.4273504423730543,2.7421855932474495,-1.761125740380154,-1.1678140558477383
0.20128843777645855,0.02220523072184176,0.42768179566936815,2.7420787231350157,-1.760599745553498,-1.1673561451264325
0.20121160338799982,0.021595199110377335,0.42801407364906807,2.7419714869744167,-1.7600722696117297,-1.1668988168532923
0.2011349807277547,0.020983721631496075,0.4283472881486572,2.7418638851716732,-1.7595432863647233,-1.1664420404281521
0.201058562858206,0.02037083072534909,0.42868142436271084,2.7417559181227418,-1.759012829688441,-1.1659858421258842
0.2009823511392721,0.019756517109954644,0.4290164881532914,2.741647584255206,-1.7584808909369665,-1.1655302087290051
0.20090635071555818,0.019140787675542434,0.42935247629845774,2.7415388855407725,-1.7579474746284434,-1.1650751379032658
0.20083054956999735,0.01852366365019807,0.42968938060652806,2.741429819010071,-1.7574126066740425,-1.1646206497279163
0.20075495923733389,0.017905115250128032,0.43002721621074746,2.7413203844762775,-1.7568762546500027,-1.1641667078954667
0.20067956861327385,0.017285173263800645,0.43036596972218777,2.741210580573901,-1.7563384528693087,-1.1637133397351345
0.2006043886007185,0.016663815503991593,0.43070565237914593,2.741100407813927,-1.755799176241375,-1.1632605155250708
0.2005294081794129,0.016041073856709394,0.4310462501649053,2.7409898650461106,-1.7552584600492607,-1.162808263352428
0.20045463355956095,0.01541692470514668,0.4313877757912281,2.7408789507253446,-1.754716280098704,-1.1623565554116464
0.20038006249795615,0.014791384630398205,0.4317302219894088,2.7407676651949187,-1.7541726533705866,-1.1619054017379835
0.20030569359545192,0.014164454852823562,0.43207358948015395,2.7406560071386723,-1.7536275822359546,-1.1614547994675721
0.20023153453162124,0.0135361373752355,0.4324178772032645,2.7405439789151296,-1.7530810655234241,-1.1610047402924286
0.20015757369761067,0.012906462266457442,0.43276307209849185,2.740431579011464,-1.7525331370963273,-1.1605552510376282
0.20008381418725252,0.012275401104433451,0.4331091899169328,2.7403188039759723,-1.7519837697841067,-1.160106302283985
0.20001025085610857,0.011642954259479229,0.43345623238374165,2.7402056509063195,-1.7514329669197635,-1.15965789314703
0.1999368931915706,0.011009108839495131,0.43380420608594195,2.740092120867726,-1.7508807127083035,-1.159210002338437
0.19986373604125696,0.010373898690291821,0.43415309494802923,2.7399782154276777,-1.7503270414675745,-1.1587626552930144
0.19979077790233202,0.00973732127001772,0.4345029016767654,2.739863932741572,-1.7497719521292143,-1.1583158462935297
0.19971801903286668,0.00909937284789128,0.43485362935295946,2.7397492714868448,-1.7492154416998873,-1.1578695675247186
0.1996454589823311,0.008460056033369285,0.4352052777873874,2.739634230913408,-1.7486575133847926,-1.1574238166410449
0.1995731059458179,0.007819377822398207,0.4355578431601759,2.7395188142506233,-1.7480981704252356,-1.156978588534293
0.1995009455479564,0.0071773720763352485,0.4359113106522119,2.739403019580612,-1.7475374514418924,-1.1565339148244058
0.19942898209140125,0.006534000955329564,0.4362657009319295,2.739286842520186,-1.7469753199817486,-1.1560897584515966
0.1993572249110449,0.0058892726015987535,0.43662100939002735,2.7391702868985175,-1.7464117798286418,-1.1556461142606693
0.1992856617649652,0.005243227480197987,0.4369772173086459,2.7390533525939937,-1.7458468747095646,-1.1552030173792396
0.1992142879077079,0.004595835175266901,0.43733434275123706,2.7389360326738763,-1.745280579239217,-1.1547604432109577
0.19914311414675634,0.003947070200560085,0.4376923988840238,2.7388183268903625,-1.7447128653897512,-1.1543183597834425
0.199072143939921,0.003296971027591944,0.4380513657052625,2.738700240990093,-1.7441437677645941,-1.153876789172459
0.19900136549923175,0.002645568703937869,0.4384112293896256,2.7385817738166196,-1.7435733211399373,-1.1534357588736188
0.19893078202806835,0.001992834086550519,0.438772006172494,2.7384629216583862,-1.7430014976288246,-1.152995239629528
0.19886039304894165,0.0013387700631768593,0.4391336956639782,2.738343683822248,-1.7424283007011339,-1.1525552292922834
0.19879019808463072,0.0006833795690805884,0.439496297443825,2.7382240596247485,-1.7418537338703544,-1.1521157257447372
0.19872019665908436,2.666558146428975e-05,0.43985981106462657,2.7381040483894794,-1.7412778006868894,-1.1516767269108794
0.19865038829607018,-0.0006313688794572512,0.44022423605094296,2.7379836494488745,-1.7407005047406734,-1.15123823074311
0.1985807725193629,-0.0012907207535550168,0.4405895719010129,2.7378628621430865,-1.7401218496578044,-1.1508002352251612
0.19851134885301036,-0.0019513869438883553,0.44095581808847606,2.737741685818782,-1.7395418390970836,-1.1503627383757034
0.19844211682011403,-0.002613364315427085,0.4413229740614073,2.7376201198308565,-1.73896047675268,-1.149925738236808
0.1983730759433575,-0.003276649698547176,0.4416910392443043,2.7374981635408315,-1.7383777663499747,-1.1494892328800888
0.19830423621908988,-0.0039412344188553584,0.4420600085579849,2.737375821143305,-1.7377937119306819,-1.1490532161675056
0.1982355803835003,-0.004607076061185355,0.4424298626385492,2.7372530912207083,-1.7372083612363134,-1.1486177281672336
0.1981671137851575,-0.005274220857769637,0.44280062672388065,2.737129968272328,-1.7366216695739347,-1.148182725925403
0.19809883597666467,-0.005942665219554062,0.44317229999149665,2.73700645173498,-1.7360336410390629,-1.1477482078377752
0.19803075408585746,-0.006612401546044754,0.44354487834286527,2.736882544543713,-1.7354442799997398,-1.1473141691170865
0.19796285622913556,-0.007283397271789856,0.44391834688911325,2.7367582459989177,-1.7348536225909033,-1.1468806383683414
0.1978951460965095,-0.00795568140686932,0.4442927218390218,2.7366335523860874,-1.7342616408306826,-1.146447586834913
0.19782762412415256,-0.008629248358151691,0.4446680011314754,2.73650846378686,-1.7336683402674635,-1.146015013631015
0.1977602894447834,-0.009304089753954265,0.44504418137552637,2.736382980201125,-1.7330737296142642,-1.1455829209105173
0.19769314167607455,-0.009980201183138264,0.44542126125031123,2.736257101237758,-1.732477813694646,-1.14515130755059
0.1976261804474766,-0.010657578104393174,0.44579923935549615,2.7361308265334627,-1.731880597446588,-1.144720172505062
0.1975594054036085,-0.011336215818633163,0.4461781141953738,2.736004155759203,-1.7312820859469067,-1.1442895148149637
0.19749281621014214,-0.012016109436778447,0.44655788416048114,2.7358770886260215,-1.7306822844377459,-1.1438593336356
0.19742641221554047,-0.01269725401812682,0.44693854765090624,2.7357496247368025,-1.7300811983509847,-1.1434296284143177
0.19736019753395428,-0.013379643390672151,0.44732010170569003,2.735621765698874,-1.729478832117992,-1.1430003954295958
0.1972941616832804,-0.014063257508892566,0.4477025378692052,2.735493509668416,-1.7288752095766642,-1.1425716531076187
0.19722830869011565,-0.01474812575727559,0.44808587257736554,2.7353648528659873,-1.728270302253974,-1.142143372606092
0.1971626420103223,-0.015434239513196064,0.4484701016205974,2.735235797009435,-1.7276641171479046,-1.1417155525224842
0.19709715136503192,-0.016121580198524697,0.4488552172869158,2.7351063401361237,-1.7270566766238802,-1.1412882101888127
0.19703184777632732,-0.016810173415738417,0.4492412329840034,2.734976481634743,-1.7264479525906884,-1.1408613135788095
0.19696672375866342,-0.017499983335492904,0.4496281311457855,2.7348462232495176,-1.72583798213932,-1.140434889737696
0.19690178312910156,-0.018191017931015383,0.4500159165521178,2.7347155643275793,-1.7252267567348405,-1.140008925178122
0.19683701374803153,-0.01888326659323177,0.4504045860629047,2.7345845010375602,-1.7246142921598735,-1.1395834333477772
0.19677242997665356,-0.01957676574637819,0.45079415858125493,2.7344530322935845,-1.7240005488303018,-1.1391583718525298
0.19670802949957134,-0.02027146732044276,0.4511846090270428,2.734321163746373,-1.7233855728640253,-1.1387337715858548
0.19664380404915738,-0.020967356111869152,0.4515759311456371,2.734188893779711,-1.7227693825635346,-1.1383096457584256
0.19657975858290122,-0.021664453862904092,0.4519681371093984,2.7340562200167247,-1.722151956135639,-1.137885970382352
0.1965158908195157,-0.022362746634744367,0.4523612205091392,2.73392314289573,-1.7215333080507362,-1.1374627525601577
0.19645220102127237,-0.02306223252725118,0.45275518118508584,2.7337896619428954,-1.7209134404988355,-1.1370399888186058
0.19638868825102218,-0.0237629052696719,0.45315001673419086,2.733655776921488,-1.720292360247804,-1.1366176797576104
0.19632534437020954,-0.024464765648459313,0.4535457296410548,2.7335214837953425,-1.719670070694551,-1.136195827693104
0.19626218042142574,-0.02516784026535067,0.45394233394966665,2.733386781616616,-1.719046542871866,-1.1357744000568
0.19619919150503007,-0.02587209163856339,0.454339810593708,2.73325167358662,-1.7184218142008223,-1.1353534223779418
0.19613637634696968,-0.026577517743519633,0.4547381595315185,2.7331161586858026,-1.7177958876547013,-1.1349328927002689
0.1960737348517707,-0.02728411866573827,0.45513738171971174,2.73298023599765,-1.71716876373285,-1.134512806582325
0.19601126644952727,-0.02799189053760306,0.4555374759935422,2.732843905056497,-1.716540446803341,-1.1340931627101452
0.19594897056730165,-0.028700829479921044,0.4559384411756213,2.7327071654005923,-1.7159109412446993,-1.1336739597826915
0.1958868466293282,-0.029410931601980113,0.45634027607595185,2.732570016571871,-1.7152802514455916,-1.1332551965138176
0.19582489405715098,-0.030122193001470024,0.45674297949186915,2.732432458115841,-1.7146483818047242,-1.132836871633604
0.19576311226947407,-0.030834609763652356,0.4571465502075063,2.732294489582018,-1.714015336731808,-1.132418983886921
0.1957015006821763,-0.0315481779610028,0.45755098699355257,2.732156110524039,-1.7133811206478682,-1.1320015320335428
0.19564005870861934,-0.03226289365371918,0.45795628860756565,2.7320173204991787,-1.712745737984373,-1.1315845148512067
0.19557879328938998,-0.032978748591427944,0.45836245037065493,2.7318781225457514,-1.712109193903756,-1.1311679268251082
0.19551769209662595,-0.033695708291877284,0.45876945565009475,2.731738516894497,-1.7114715262163587,-1.130751798019111
0.19545675872252177,-0.03441380347487989,0.45917732185920257,2.7315984990161764,-1.7108327054299677,-1.1303361002630874
0.19539599256940532,-0.03513303014633104,0.45958604769932765,2.7314580684858645,-1.7101927360238063,-1.1299208323966057
0.19533539303785297,-0.035853384300620926,0.45999563185908676,2.7313172248812845,-1.7095516224857976,-1.1295059932847396
0.19527495952513085,-0.03657486191614272,0.4604060730114754,2.7311759677859504,-1.7089093693187178,-1.1290915818029912
0.19521469142623582,-0.03729745895798727,0.4608173698155622,2.7310342967872043,-1.7082659810363476,-1.1286775968474119
0.19515458813360453,-0.038021171376995046,0.46122952091585967,2.7308922114768523,-1.7076214621647061,-1.128264037331849
0.19509464903701312,-0.038745995109337954,0.4616425249420275,2.730749711451435,-1.7069758172425546,-1.1278509021869951
0.19503487352380766,-0.039471926077039594,0.4620563805091793,2.7306067963118354,-1.7063290508205988,-1.1274381903626742
0.19497526224157324,-0.040198959453289884,0.4624710856359131,2.730463466246558,-1.7056811676029846,-1.1270259000554554
0.1949158120544121,-0.040927086255323195,0.46288663651792517,2.730319720768465,-1.705032177757004,-1.1266140358706584
0.1948565254675989,-0.041656309544732116,0.46330303532163564,2.7301755594265917,-1.704382077884528,-1.1262025890753355
0.19479739308997068,-0.042386619732164364,0.46372027872854815,2.73003097957846,-1.7037308813681735,-1.1257915709039665
0.1947384261371079,-0.043118043852034875,0.4641383811733877,2.729885979871179,-1.7030785588996207,-1.125380948641758
0.19467961966829073,-0.04385054253171448,0.4645573220303518,2.7297405643069212,-1.70242514954812,-1.1249707482495628
0.19462097304430825,-0.04458411163988366,0.4649770998301419,2.7295947325173358,-1.701770657910424,-1.1245609687433868
0.19456248549118227,-0.04531874709243933,0.4653977131407878,2.729448484080979,-1.7011150885943798,-1.124151609250157
0.19450416242913615,-0.04605444180406609,0.4658191580080593,2.729301821323208,-1.70045844637017,-1.1237426645447588
0.19444599219909886,-0.046791167654778046,0.46624142090957577,2.72915474403119,-1.699800762696182,-1.12333415998374
0.1943879784936664,-0.047528956053219246,0.46666451975313405,2.7290072473394176,-1.6991420074168406,-1.1229260676585036
0.19433012065855815,-0.04826780291501832,0.4670884530711077,2.7288593308717077,-1.6984821850791416,-1.122518386654288
0.1942724192084473,-0.04900770344530518,0.4675132188329927,2.728710994796433,-1.697821300395266,-1.1221111153121865
0.19421487334564347,-0.04974864762747682,0.4679388122283683,2.7285622397192175,-1.6971593634625284,-1.1217042565913222
0.19415747747662948,-0.05049063143681003,0.46836523244807915,2.7284130635075132,-1.6964963808330438,-1.121297814616516
0.1941002440382329,-0.051233666483324315,0.4687924851261289,2.728263467746125,-1.6958323370382866,-1.1208917651601185
0.194043159514679,-0.051977703008503025,0.46922054464626295,2.7281134554415796,-1.6951672842815189,-1.1204861491427314
0.19398622811632515,-0.05272276834559211,0.4696494265901152,2.7279630225224487,-1.6945011959731657,-1.1200809409596013
0.19392944860007688,-0.05346885384878289,0.4700791269301543,2.7278121692306483,-1.6938340811129942,-1.1196761431686741
0.1938728202793234,-0.054215955389337635,0.47050964411064555,2.727660895222157,-1.6931659442830427,-1.119271754944668
0.19381634246430313,-0.05496406882406183,0.47094097656055034,2.727509200159132,-1.6924967900781123,-1.118867775473996
0.19376000695819862,-0.05571319450749062,0.47137312623364047,2.7273570802594977,-1.6918266220320837,-1.1184642090919314
0.1937038255248522,-0.05646335956812404,0.4718061076700424,2.7272045340495374,-1.6911554106270943,-1.1180610226872343
0.1936478004181108,-0.05721451688753196,0.47223989452840964,2.7270515698137943,-1.690483199029431,-1.1176582388612524
0.19359190877116284,-0.05796663578669176,0.4726744730073711,2.726898184148911,-1.6898100255321,-1.117255896583205
0.19353617043558113,-0.05871979059816081,0.47310988341664206,2.7267443700071596,-1.6891358136020964,-1.116853925186821
0.1934805856242634,-0.05947392453319742,0.4735460941201308,2.726590136733805,-1.688460616191541,-1.116452355218741
0.19342514188426474,-0.06022900448283562,0.47398308851929327,2.7264354850887234,-1.6877844695196489,-1.116051216098501
0.19336983407137254,-0.0609850682257129,0.47442088940298666,2.726280405722852,-1.687107341169412,-1.1156504863000922
0.19331467812698477,-0.061742148211988646,0.4748595138560825,2.726124897541813,-1.6864291950326564,-1.1152501250873543
0.19325966657880178,-0.0625001858714588,0.47529893010651847,2.7259689676408465,-1.6857500888324555,-1.1148501721210686
0.19320479870734752,-0.0632591768787556,0.4757391363901473,2.7258126157538416,-1.6850700273143735,-1.1144506267946173
0.19315007379096594,-0.0640191168894566,0.47618013092455236,2.725655841621693,-1.6843890152399266,-1.1140514885209991
0.19309548360715345,-0.064780006123898,0.4766219154884541,2.7254986415583633,-1.6837070561870033,-1.1136527621570018
0.19304103949889084,-0.06554187214248393,0.4770645049929845,2.7253410136739187,-1.6830241204854117,-1.1132544148904342
0.19298673435449132,-0.06630467524123028,0.4775078782526905,2.7251829619206847,-1.6823402482036842,-1.1128564744483593
0.19293256901011802,-0.06706841967414776,0.4779520381811393,2.7250244850172436,-1.6816554355029378,-1.112458933455466
0.19287853957714773,-0.0678331006451265,0.47839698311204826,2.7248655817018306,-1.6809696888243422,-1.1120617951823502
0.1928246512739582,-0.06859872530289693,0.4788427170633025,2.7247062516558547,-1.6802829998813542,-1.1116650457709292
0.1927708990060708,-0.06936526994976196,0.4792892276725116,2.7245464966840296,-1.6795953930837089,-1.1112687011104536
0.19271728957284395,-0.07013273501051825,0.47973651488578173,2.724386318251239,-1.6789068657370392,-1.1108727495434667
0.19266381115836184,-0.07090108893136239,0.4801845626294392,2.7242257173629323,-1.6782174522016633,-1.1104772190102081
0.19261046772968138,-0.07167036188927159,0.48063338827521385,2.724064689017041,-1.6775271233862659,-1.110082083393433
0.192557258630488,-0.07244054765439834,0.4810829888792829,2.7239032333502933,-1.676835885737086,-1.1096873433256802
0.19250418319088958,-0.07321164021801971,0.48153336161670635,2.7237413504596826,-1.6761437454978747,-1.1092929993295588
0.1924512408451724,-0.0739836336839853,0.4819845037042596,2.72357904046394,-1.6754507087641624,-1.1088990517402235
0.19239843050533256,-0.07475652201266757,0.4824364123318017,2.7234163033366205,-1.6747567819682168,-1.1085055015742988
0.19234575196376236,-0.07553030107844293,0.4828890856729542,2.723253138996836,-1.6740619694189003,-1.108112347741552
0.19229320423800456,-0.07630496407027747,0.48334252044131154,2.7230895476102828,-1.6733662782137124,-1.1077195916013207
0.19224078927845323,-0.07708050447268024,0.48379671314577366,2.7229255302837996,-1.67266971401455,-1.1073272310148732
0.19218849678979932,-0.07785690908017727,0.48425165793905656,2.7227610852706707,-1.671972293500677,-1.1069352816443423
0.1921363389025479,-0.07863420699133473,0.48470737062927927,2.72259621037192,-1.6712739853753005,-1.106543709109545
0.19208430715538993,-0.0794123558282746,0.485163828269239,2.722430909992898,-1.6705748325637433,-1.1061525439664315
0.19203240247774866,-0.08019136431304856,0.4856210362655373,2.7222651820290102,-1.6698748270269246,-1.1057617764195227
0.19198062411419503,-0.08097122780766094,0.48607899250636777,2.722099026342033,-1.669173973741992,-1.1053714063650977
0.19192897134760756,-0.08175194159115817,0.4865376948191127,2.7219324428271943,-1.6684722777447791,-1.1049814337104669
0.19187744345679114,-0.08253350068654855,0.48699714087533064,2.721765431430925,-1.6677697443058512,-1.104591858530609
0.1918260391617923,-0.08331590030988642,0.4874573285184338,2.721597991882214,-1.667066378731727,-1.104202681442369
0.191774758468656,-0.0840991377510002,0.4879182566306346,2.7214301239418814,-1.666362183907017,-1.1038139004046272
0.1917236003332552,-0.08488320586886222,0.48837992164315946,2.721261827878269,-1.665657167218854,-1.1034255171386518
0.1916725639706951,-0.08566809975220939,0.4888423212402402,2.721093103623387,-1.6649513338884296,-1.103037531793369
0.19162164855041475,-0.08645381462610363,0.4893054531829064,2.720923951071208,-1.6642446890244975,-1.102649944512781
0.19157085335130697,-0.08724034594495544,0.4897693153441025,2.720754370112883,-1.6635372374784607,-1.102262755187352
0.19152017760357598,-0.08802768877830024,0.49023390537095124,2.720584360701742,-1.6628289844725543,-1.1018759640000824
0.19146962053492445,-0.08881583817890433,0.49069922089271056,2.720413922798951,-1.6621199352422358,-1.1014895711533539
0.19141918137144565,-0.08960478918666619,0.4911652595232414,2.720243056371385,-1.6614100950314743,-1.1011035768767055
0.191368859336432,-0.09039453682668684,0.4916320188596066,2.720071761393782,-1.660699469095891,-1.1007179814156267
0.19131865365129785,-0.09118507611276139,0.49209949648430507,2.719900037846678,-1.6599880626984118,-1.100332785039678
0.1912685635352105,-0.09197640204725323,0.4925676899651086,2.719727885716988,-1.6592758811097774,-1.099947988038889
0.19121858820505544,-0.09276850962170748,0.49303659685540113,2.7195553049979617,-1.6585629296079965,-1.099563590723193
0.19116872687536945,-0.09356139381726113,0.4935062146943965,2.7193822956892246,-1.657849213478008,-1.0991795934216202
0.19111897875851902,-0.0943550496056126,0.4939765410077346,2.71920885779635,-1.6571347380105634,-1.0987959964837164
0.19106934306492906,-0.09514947195003362,0.49444757330811506,2.7190349913303518,-1.656419508501002,-1.0984128002814226
0.19101981900187548,-0.0959446558025135,0.4949193090933477,2.718860696310093,-1.6557035302532699,-1.0980300051980085
0.19097040577567181,-0.09674059610984127,0.49539174585039425,2.7186859727578545,-1.6549868085717552,-1.0976476116476237
0.19092110258917794,-0.09753728780724885,0.49586488105107707,2.7185108207043633,-1.6542693487700249,-1.097265620052692
0.1908719086440609,-0.09833472582460229,0.4963387121562064,2.7183352401842256,-1.6535511561624783,-1.0968840308641319
0.190822823138888,-0.0991329050815218,0.49681323661228305,2.718159231239807,-1.6528322360710463,-1.0965028445440108
0.19077384527066776,-0.0999318204916161,0.49728845185431947,2.717982793918121,-1.6521125938194876,-1.0961220615793048
0.19072497423388057,-0.10073146696003607,0.49776435530417884,2.7178059282728286,-1.6513922347367547,-1.0957416824730137
0.19067620922103945,-0.10153183938506556,0.4982409443716276,2.7176286343631273,-1.650671164154869,-1.0953617077490663
0.1906275494223122,-0.10233293265721709,0.4987182164537123,2.7174509122545536,-1.6499493874101816,-1.0949821379487774
0.19057899402569634,-0.1031347416597801,0.49919616893511165,2.7172727620186614,-1.6492269098426513,-1.0946029736323173
0.19053054221723054,-0.10393726126943888,0.4996747991885444,2.717094183732641,-1.6485037367950273,-1.0942242153804165
0.19048219318070592,-0.10474048635558236,0.5001541045742883,2.71691517747994,-1.6477798736138074,-1.0938458637916768
0.19043394609785835,-0.1055444117808656,0.50063408244055,2.7167357433499206,-1.6470553256484908,-1.0934679194841415
0.19038580014815398,-0.10634903240069186,0.5011147301231045,2.7165558814383384,-1.6463300982522877,-1.0930903830932512
0.19033775450931278,-0.10715434306464276,0.5015960449462509,2.716375591846328,-1.6456041967802044,-1.0927132552763597
0.19028980835676146,-0.10796033861507595,0.5020780242218561,2.7161948746815607,-1.6448776265909446,-1.0923365367077293
0.19024196086362322,-0.10876701388714331,0.5025606652493582,2.716013730058313,-1.6441503930468993,-1.0919602280783052
0.19019421120160906,-0.10957436371116955,0.503043965317368,2.715832158095705,-1.643422501510931,-1.0915843301034927
0.19014655853983298,-0.11038238290957722,0.5035279217015789,2.7156501589201576,-1.6426939573505508,-1.0912088435124927
0.19009900204574715,-0.11119106629937428,0.5040125316664463,2.715467732663543,-1.6419647659345558,-1.0908337690564505
0.19005154088458331,-0.11200040869072482,0.5044977924642102,2.715284879464368,-1.6412349326349704,-1.090459107503371
0.1900041742198173,-0.11281040488820383,0.5049837013357417,2.71510159946688,-1.6405044628253604,-1.0900848596420831
0.18995690121272002,-0.11362104968964974,0.5054702555097554,2.7149178928220308,-1.6397733618823884,-1.0897110262781229
0.18990972102268833,-0.11443233788706518,0.5059574522034171,2.7147337596868577,-1.6390416351846095,-1.0893376082365018
0.18986263280741023,-0.11524426426708682,0.5064452886226569,2.714549200224191,-1.6383092881118395,-1.0889646063630314
0.1898156357224381,-0.116056823609895,0.5069337619614238,2.714364214603579,-1.6375763260466394,-1.0885920215203835
0.18976872892135876,-0.11687001068970117,0.5074228694020104,2.7141788030009883,-1.6368427543736652,-1.0882198545894686
0.18972191155602713,-0.11768382027538933,0.5079126081154852,2.7139929655983805,-1.636108578478812,-1.0878481064713186
0.1896751827763934,-0.11849824713009895,0.5084029752614052,2.713806702584115,-1.6353738037497858,-1.0874767780854127
0.18962854173051946,-0.11931328601131065,0.5088939679878688,2.713620014152959,-1.6346384355759984,-1.0871058703696912
0.18958198756478906,-0.12012893167142258,0.5093855834319057,2.7134329005057185,-1.6339024793478008,-1.0867353842821992
0.18953551942340274,-0.12094517885648018,0.5098778187186059,2.7132453618503107,-1.6331659404582075,-1.0863653207965427
0.18948913644907117,-0.12176202230802131,0.5103706709623756,2.7130573984004007,-1.6324288243004215,-1.0859956809077775
0.18944283778256388,-0.12257945676194298,0.5108641372661602,2.7128690103763686,-1.6316911362693756,-1.0856264656283148
0.18939662256308587,-0.12339747694952545,0.5113582147221403,2.7126801980045925,-1.6309528817603656,-1.0852576759910357
0.18935048992762127,-0.12421607759577327,0.5118529004105952,2.7124909615188297,-1.6302140661713003,-1.0848893130434165
0.1893044390119254,-0.1250352534220441,0.5123481914016974,2.7123013011582406,-1.6294746948991763,-1.084521377856013
0.18925846894979115,-0.1258549991441915,0.5128440847542386,2.7121112171689337,-1.628734773342602,-1.0841538715158874
0.18921257887321907,-0.1266753094730706,0.5133405775159747,2.7119207098036546,-1.627994306901129,-1.0837867951279527
0.1891667679125395,-0.1274961791149122,0.5138376667238771,2.7117297793215855,-1.6272533009747738,-1.0834201498158558
0.189121035196536,-0.1283176027717112,0.5143353494043974,2.7115384259881306,-1.626511760963522,-1.0830539367228813
0.18907537985226686,-0.12913957514083846,0.5148336225731989,2.711346650075316,-1.62576969226787,-1.0826881570102507
0.18902980100489408,-0.12996209091467548,0.5153324832349013,2.7111544518621824,-1.6250271002893506,-1.0823228118554544
0.18898429777831627,-0.13078514478235498,0.5158319283842732,2.71096183163351,-1.6242839904282265,-1.081957902457614
0.18893886929448112,-0.13160873142806556,0.5163319550050649,2.710768789681268,-1.6235403680858005,-1.0815934300313113
0.18889351467384063,-0.13243284553235807,0.5168325600708996,2.710575326303699,-1.6227962386627095,-1.0812293958104149
0.18884823303522547,-0.13325748177194238,0.5173337405451328,2.7103814418055956,-1.6220516075592362,-1.0808658010468142
0.18880302349592482,-0.1340826348200431,0.517835493381088,2.7101871364981514,-1.621306480174899,-1.0805026470109558
0.18875788517147463,-0.13490829934601645,0.5183378155217886,2.709992410699401,-1.6205608619090144,-1.0801399349898693
0.1887128171759418,-0.13573447001627906,0.5188407039005907,2.7097972647336346,-1.6198147581595301,-1.0797776662894711
0.18866781862181892,-0.13656114149425932,0.5193441554411398,2.709601698931597,-1.6190681743231712,-1.0794158422335278
0.1886228886198671,-0.13738830844024127,0.5198481670572517,2.709405713630791,-1.6183211157957456,-1.0790544641621553
0.18857802627952536,-0.13821596551272464,0.520352735653842,2.709209309174594,-1.6175735879704296,-1.0786935334352286
0.18853323070835204,-0.13904410736732456,0.520857858126146,2.7090124859133473,-1.6168255962393725,-1.0783330514274705
0.18848850101253323,-0.13987272865849104,0.5213635313608933,2.7088152442032367,-1.6160771459915435,-1.0779730195327253
0.18844383629647865,-0.1407018240389351,0.5218697522358862,2.7086175844070217,-1.6153282426136724,-1.077613439160407
0.1883992356631028,-0.1415313881609169,0.5223765176208639,2.7084195068933243,-1.6145788914887396,-1.07725431173786
0.18835469821359974,-0.1423614156763112,0.5228838243775191,2.7082210120369288,-1.61382909799612,-1.0768956387083948
0.18831022304753242,-0.14319190123762052,0.5233916693601577,2.7080221002183857,-1.6130788675105212,-1.0765374215320687
0.18826580926285041,-0.1440228394989285,0.5239000494163142,2.7078227718237198,-1.6123282054010422,-1.0761796616858663
0.18822145595532502,-0.14485422511553875,0.5244089613864455,2.707623027245273,-1.6115771170320583,-1.0758223606589685
0.18817716221947522,-0.14568605274765437,0.5249184021064146,2.7074228668793996,-1.6108256077587781,-1.0754655199608207
0.18813292708369422,-0.14651831710137006,0.5254283684386858,2.7072222911012784,-1.610073682911729,-1.0751091411740517
0.18808874965907219,-0.14735101318908803,0.5259388574156851,2.7070213002455605,-1.6093213475070791,-1.0747532256370864
0.18804462905824515,-0.14818413580380665,0.5264498659289636,2.7068198947028472,-1.608568606757908,-1.0743977748123392
0.18800056483362448,-0.14901767927338452,0.526961390534441,2.7066180750982465,-1.607815466157729,-1.0740427898107274
0.18795655524658272,-0.14985163620916417,0.5274734268667953,2.7064158420979973,-1.6070619331976677,-1.073688274348781
0.18791259975554064,-0.15068600384021477,0.5279859732405192,2.7062131956545317,-1.6063080107205538,-1.0733342282541523
0.1878686974777808,-0.15152077667983618,0.5284990263455598,2.7060101362500286,-1.6055537041771988,-1.0729806531765511
0.18782484744227324,-0.15235594916133513,0.529012582824226,2.705806664367115,-1.604799019115722,-1.072627550942475
0.1877810487183278,-0.15319151608021003,0.5295266395275062,2.7056027804242766,-1.6040439607332404,-1.0722749231539828
0.18773730193524907,-0.15402747121368374,0.5300411925207416,2.705398485503941,-1.6032885346572696,-1.0719227698171687
0.18769360083653686,-0.1548638042786368,0.5305562360718272,2.7051937797654424,-1.602532752462673,-1.0715711022840946
0.1876499477702569,-0.15570053166015044,0.5310717798659705,2.7049886595553376,-1.6017765984013208,-1.07121990716796
0.18760634746899507,-0.15653764256585925,0.5315878167582611,2.704783128117907,-1.6010200809872783,-1.0708691811919973
0.18756279155566968,-0.15737510391273943,0.5321043272617467,2.7045771903516345,-1.6002632334354436,-1.0705189498145755
0.18751928145298047,-0.15821292764535355,0.5326213184263358,2.7043708433844857,-1.5995060443772022,-1.070169203118276
0.18747581665404223,-0.15905110816032142,0.5331387867639226,2.7041640878875803,-1.5987485192091369,-1.069819942425158
0.18743239572355952,-0.15988963813458051,0.5336567278168896,2.703956924692075,-1.5979906651998312,-1.0694711711788387
0.18738901815712117,-0.16072851316506745,0.5341751388154448,2.7037493542055313,-1.597232486631226,-1.0691228901375895
0.18734568300718113,-0.16156772640999623,0.534694015531588,2.703541377293657,-1.5964739901649856,-1.0687751018657978
0.18730238942347155,-0.16240727152139375,0.5352133540213919,2.703332994741584,-1.595715181972834,-1.0684278085649426
0.18725913656737259,-0.16324714198244625,0.5357331502274183,2.703124207385814,-1.5949560683734587,-1.0680810125125912
0.18721591607244825,-0.1640873362184365,0.5362534038524853,2.7029150129313115,-1.5941966534803127,-1.067734723997834
0.18717273954029334,-0.16492788110667464,0.5367741301392714,2.702705407611741,-1.5934369090010447,-1.0673889120960771
0.18712959940178786,-0.16576873420291963,0.5372953036011592,2.702495398971692,-1.5926768763897738,-1.0670436057715675
0.18708649469762006,-0.16660989816522218,0.5378169258034977,2.7022849856778244,-1.5919165535407849,-1.0666988031182942
0.18704342903870774,-0.16745137029833504,0.5383389945787287,2.702074168845474,-1.5911559418595125,-1.0663544985024493
0.18700039606999042,-0.168293127533638,0.53886149616783,2.701862951850059,-1.5903950645621348,-1.0660107098691052
0.18695739740159034,-0.1691351780873978,0.5393844352937669,2.7016513327173697,-1.5896339136271673,-1.0656674291358097
0.18691442954571347,-0.1699775148495627,0.5399078077288546,2.7014393117990205,-1.5888724966911798,-1.0653246626667534
0.186871500555287,-0.17082013815024913,0.5404316127237221,2.7012268906407093,-1.588110811017782,-1.064982397224821
0.18682859660756934,-0.17166300942364296,0.5409558276083608,2.7010140744939095,-1.587348896308809,-1.0646406685813774
0.186785722066372,-0.1725061622397929,0.541480472475512,2.7008008560243058,-1.5865867203783466,-1.0642994528188818
0.186742875977707,-0.17334959153994514,0.5420055441000402,2.7005872357627196,-1.5858242881811984,-1.063958751882064
0.18670005738648854,-0.174193292273439,0.542531039255072,2.7003732142444528,-1.5850616046601367,-1.063618567729039
0.18665727544794697,-0.17503725247001803,0.5430569494765267,2.700158796232955,-1.5842986780752382,-1.063278891428331
0.18661451408060215,-0.17588142085939162,0.5435832443399842,2.6999439896404662,-1.5835355604007815,-1.0629397679767776
0.1865717779584064,-0.17672583322264243,0.5441099452991889,2.699728786620319,-1.5827722173327683,-1.0626011721156876
0.18652905854195367,-0.17757048974693118,0.5446370530408329,2.699513184582588,-1.5820086512396931,-1.0622631140457206
0.18648636717983313,-0.17841541938219502,0.5451645842217676,2.6992971789175115,-1.5812448321191013,-1.0619255624861546
0.18644369807425498,-0.17926058157017194,0.5456925140343025,2.6990807776036996,-1.5804807989667236,-1.0615885430247158
0.1864010526403752,-0.18010596925645775,0.5462208377342679,2.698863982310514,-1.5797165578320884,-1.0612520552981335
0.1863584257516493,-0.1809515667155551,0.546749545791219,2.6986467952176096,-1.5789521246616327,-1.0609161122459314
0.18631581865114155,-0.18179738109744617,0.5472786422719276,2.698429214504725,-1.578187492491941,-1.0605807071079467
0.1862732301331924,-0.18264340491121264,0.5478081223810807,2.6982112413241492,-1.5774226685331494,-1.060245843462374
0.18623066673371502,-0.18348962747187036,0.5483379786199118,2.6979928795181167,-1.5766576606641316,-1.059911515396642
0.18618811455501172,-0.18433601041232103,0.5488681881285367,2.6977741347635136,-1.5758925081591175,-1.0595777588807238
0.18614557799436504,-0.18518258732924928,0.5493987711063768,2.6975549995256416,-1.5751271788229735,-1.0592445504062016
0.1861030560859076,-0.18602935324480452,0.5499297242689085,2.697335474430791,-1.574361677465547,-1.0589118920975353
0.18606054813479034,-0.18687630299830382,0.550461044186757,2.6971155602232133,-1.573596008981632,-1.058579785790797
0.18601804675671918,-0.18772343453031068,0.5509927299603197,2.6968952552742467,-1.5728301773362503,-1.0582482414582561
0.18597556686397798,-0.18857076665829242,0.5515247916940507,2.6966745581333433,-1.572064160905376,-1.057917227602316
0.18593309385886458,-0.189418239891139,0.5520571933225766,2.6964534797175648,-1.5712980184651537,-1.057586791075112
0.1858906307504853,-0.19026587716432836,0.552589948568389,2.696232014716283,-1.570531728021271,-1.057256915485944
0.1858481774456271,-0.19111367249144715,0.5531230534011062,2.6960101642580274,-1.5697652950326726,-1.0569276022564367
0.1858057329862901,-0.1919616157315995,0.5536565012649293,2.6957879303128998,-1.5689987290154053,-1.0565988559679103
0.18576329593762253,-0.1928096985179765,0.5541902867427573,2.6955653143096607,-1.5682320379851362,-1.0562706810761722
0.18572086533206722,-0.19365791583950726,0.5547244064639323,2.6953423169590778,-1.567465226738276,-1.0559430798310834
0.18567843261856787,-0.19450626794101164,0.5552588610089133,2.6951189358776397,-1.5666982973665917,-1.0556160630370486
0.18563600850852735,-0.19535478396394448,0.5557936673481667,2.6948951659137768,-1.5659312200216677,-1.0552896005698482
0.18559358734888942,-0.19620342718822298,0.5563288026818005,2.694671014658436,-1.5651640299136178,-1.0549637160162826
0.18555116834097296,-0.1970521937105766,0.5568642643004227,2.694446482601314,-1.5643967307548095,-1.0546384109543252
0.18550875051880134,-0.1979010784608664,0.5574000487731965,2.6942215704931898,-1.5636293273703503,-1.0543136877572319
0.18546633291513448,-0.19875007638849387,0.5579361526753286,2.693996279087746,-1.562861824563052,-1.0539895488012432
0.18542392215396264,-0.19959917720103107,0.5584725686289245,2.6937706122225618,-1.5620942298537095,-1.053665987834938
0.1853815042433582,-0.20044834274719223,0.5590092735396497,2.693544576115055,-1.5613265820009525,-1.0533430411243507
0.18533908574002744,-0.2012976051102077,0.5595462866039944,2.6933181638370893,-1.560558849641211,-1.053020683312548
0.1852966618397014,-0.2021469503104956,0.5600835990910413,2.6930913775815184,-1.559791046800596,-1.052698926440822
0.18525423498015936,-0.20299638399187478,0.5606212139679414,2.6928642161875347,-1.5590231675141804,-1.052377763159952
0.18521180297069773,-0.2038458923904553,0.5611591223982806,2.6926366824102312,-1.5582552248845565,-1.052057201633402
0.18516936484743018,-0.20469547045074946,0.5616973209043707,2.692408777068002,-1.5574872236830908,-1.051737244317038
0.18512691964619243,-0.20554511312522608,0.5622358060075512,2.692180500984966,-1.556719168669029,-1.0514178936763032
0.18508446640246756,-0.20639481537411683,0.5627745742280776,2.691951854991171,-1.555951064589764,-1.05109915218538
0.1850420041523022,-0.2072445721677039,0.5633136220867989,2.691722839920688,-1.5551829161778647,-1.0507810223343028
0.18499953193085394,-0.20809437848263326,0.5638529461025357,2.6914934566147557,-1.5544147281558798,-1.0504635066170198
0.18495704877363828,-0.20894422930502002,0.5643925427943448,2.691263705919178,-1.5536465052323047,-1.050146607541159
0.18491455371610943,-0.2097941196293517,0.5649324086807657,2.6910335886852708,-1.5528782521030078,-1.0498303276244114
0.18487204579333305,-0.21064404445760285,0.5654725402792125,2.6908031057706223,-1.5521099734523736,-1.04951466939163
0.1848295240407487,-0.2114939988011011,0.5660129341073532,2.6905722580375246,-1.5513416739508843,-1.049199635380709
0.18478698749368982,-0.2123439776792335,0.566553586682212,2.6903410463540682,-1.5505733582567789,-1.0488852281384473
0.18474442757292975,-0.21319398142318025,0.5670944985027102,2.6901094685543554,-1.5498050281366857,-1.0485714591162272
0.1847018563623446,-0.21404403796463406,0.5676356858222116,2.6898775197210814,-1.5490366546534204,-1.048258297095052
0.18465926746197336,-0.21489410413477353,0.5681771214528581,2.689645209542908,-1.5482682788904487,-1.0479457696079562
0.18461665990747145,-0.21574417498574527,0.5687188019098368,2.6894125389100973,-1.5474999054559306,-1.0476338792422861
0.1845740327344596,-0.2165942455773938,0.5692607237076146,2.6891795087189485,-1.546731538946154,-1.047322628593552
0.18453138497834187,-0.2174443109766484,0.5698028833595314,2.688946119872282,-1.5459631839462908,-1.0470120202636883
0.18448871567536118,-0.2182943662600139,0.570345277379644,2.6887123732772746,-1.5451948450271338,-1.0467020568692131
0.1844460238612382,-0.21914440650997058,0.5708879022801605,2.688478269848479,-1.544426526749714,-1.046392741030096
0.18440330857280784,-0.21999442681888687,0.5714307545743189,2.688243810504425,-1.5436582336601867,-1.0460840753825136
0.18436056884648666,-0.22084442228495163,0.571973830773481,2.6880089961710243,-1.542889970295039,-1.045776062566354
0.18431780371904205,-0.2216943880138806,0.5725171273884171,2.687773827780042,-1.5421217411788215,-1.0454687052310678
0.18427501179216854,-0.22254431942493746,0.5730606411587738,2.687538306095772,-1.5413535506523344,-1.045162006558987
0.18423219179150463,-0.2233942142454161,0.5736043702763824,2.6873024313012843,-1.540585400904469,-1.044855968551079
0.18418934314009938,-0.22424407074289443,0.5741483132190752,2.687066203582356,-1.5398172934497578,-1.0445505919559748
0.18414647249237293,-0.22509387904520492,0.5746924627110617,2.6868296267973775,-1.539049235467362,-1.0442458702371216
0.18410356578462483,-0.22594360202049296,0.5752367957479023,2.6865927078741167,-1.5382812642474868,-1.0439418396890698
0.18406062748460705,-0.2267932731463365,0.5757813327955281,2.6863554386306103,-1.5375133477732021,-1.043638478255463
0.18401765737141185,-0.22764288741317537,0.5763260702024078,2.6861178202264533,-1.536745490458033,-1.0433357876292353
0.18397465326979123,-0.22849243704426173,0.5768710027004587,2.685879854178884,-1.535977699725354,-1.0430337736407196
0.18393161639248534,-0.2293419196175468,0.5774161281640866,2.685641541257838,-1.5352099772600365,-1.0427324347247844
0.18388854725668224,-0.2301913202256229,0.5779614365534551,2.685402885472999,-1.5344423363556736,-1.042431775741437
0.18384543179715251,-0.23104062874721745,0.5785069219968901,2.685163886636362,-1.5336747894374234,-1.0421318214700894
0.1838022934691348,-0.23188988433852242,0.5790526071839461,2.684924538704996,-1.5329072947275784,-1.0418325189842381
0.18375910929685046,-0.23273900822505653,0.579598443076466,2.684684858380951,-1.5321399296642433,-1.0415339360027278
0.18371588572591468,-0.2335880465528101,0.580144458138617,2.684444834320918,-1.5313726501651794,-1.041236042282368
0.1836726260103374,-0.23443699129876444,0.5806906464910786,2.6842044692464073,-1.5306054625453158,-1.0409388356382927
0.183629321657222,-0.2352858198964635,0.5812369938373476,2.6839637675553134,-1.529838389226236,-1.0406423378670864
0.1835859749445259,-0.23613454980131426,0.5817835106531053,2.6837227248414943,-1.5290714134080066,-1.0403465373985927
0.1835425925845251,-0.23698317075445696,0.5823301893523585,2.683481345131365,-1.5283045426382902,-1.040051427759717
0.18349916052421644,-0.2378316455568122,0.5828770066480429,2.683239635831527,-1.5275378140073084,-1.0397570454237974
0.183455687215484,-0.2386800042085788,0.5834239805859651,2.682997590282449,-1.5267711977814484,-1.039463364159768
0.18341216931675586,-0.23952822214913255,0.5839710951475707,2.682755214534682,-1.5260047169500828,-1.0391703988203222
0.18336860556752832,-0.240376292510875,0.584518345481672,2.682512510195757,-1.5252383778067082,-1.0388781535929075
0.1833249858186483,-0.24122421704123184,0.5850657329203139,2.682269474804452,-1.5244721807957553,-1.0385866425955341
0.1832813219718692,-0.24207203167046143,0.5856132791053736,2.6820261006291157,-1.5237060899834332,-1.038295831949204
0.18323760883629747,-0.2429197005920057,0.586160960909049,2.6817823965345067,-1.5229401390487367,-1.038005744124283
0.18319384550164575,-0.24376721773608373,0.5867087739568335,2.681538363992884,-1.5221743334542754,-1.0377163825037865
0.183150031055217,-0.244614577224207,0.5872567139914298,2.681294004432935,-1.5214086784831256,-1.0374277504037395
0.1831061645821026,-0.2454617733362397,0.5878047768517705,2.681049319248968,-1.5206431792691184,-1.0371398510849523
0.18306224516581615,-0.24630880048568926,0.5883529584573925,2.6808043098071765,-1.519877840819159,-1.0368526877654975
0.18301827188771203,-0.24715565319737867,0.5889012547940415,2.6805589774530283,-1.519112668034438,-1.0365662636218713
0.182974243828955,-0.24800232609559736,0.5894496619065765,2.6803133235119243,-1.5183476657197061,-1.0362805818085985
0.18293016006860086,-0.2488488138857309,0.5899981758867829,2.680067349297431,-1.5175828386020167,-1.0359956454465589
0.1828860207141858,-0.24969511062559813,0.5905467923303012,2.6798210565013583,-1.516818191768855,-1.0357114563613083
0.1828418163932497,-0.25054121160124104,0.5910955082994958,2.679574444750463,-1.5160537312639595,-1.0354280304748928
0.18279755927707875,-0.2513871438171636,0.5916443397694218,2.679327508648488,-1.515289429365941,-1.0351453373863608
0.1827532429783698,-0.25223286529199385,0.5921932595521613,2.679080258885524,-1.5145253255565307,-1.0348634039210935
0.18270886656341068,-0.2530783713626412,0.5927422641199258,2.6788326966455736,-1.513761423963856,-1.0345822329986312
0.1826644290993995,-0.2539236573787052,0.5932913499488435,2.678584823117507,-1.5129977286995873,-1.0343018275420566
0.1826199175616776,-0.2547687272194548,0.59384051987541,2.6783366349167,-1.5122342386641117,-1.034022205688287
0.18257535064333785,-0.2556136268496037,0.5943898017121081,2.6780881223219333,-1.5114709074314248,-1.033743319215024
0.18253071951902866,-0.25645829821245714,0.5949391579845569,2.677839300297083,-1.5107077896580796,-1.0334652053336644
0.1824860232401102,-0.25730273700258954,0.5954885853809322,2.6775901699554034,-1.5099448891245253,-1.033187866903689
0.18244126085787427,-0.2581469389403851,0.5960380806023378,2.6773407324106815,-1.5091822095830347,-1.0329113067839448
0.18239643142349404,-0.25899089977279355,0.5965876403633474,2.6770909887769903,-1.5084197547570397,-1.0326355278322767
0.18235153398831772,-0.2598346152750044,0.5971372613932242,2.676840940167662,-1.507657528339316,-1.0323605329078702
0.18230656760308062,-0.2606780812494803,0.5976869404351861,2.6765905876966096,-1.5068955339935426,-1.0320863248652452
0.1822615313189342,-0.2615212935295791,0.5982366742490557,2.6763399324756363,-1.506133775350052,-1.0318129065622976
0.18221642418642858,-0.26236424797814306,0.598786459610192,2.6760889756162007,-1.5053722560079854,-1.0315402808525815
0.18217124525580397,-0.26320694048942095,0.5993362933108781,2.6758377182282893,-1.5046109795332492,-1.031268450587707
0.18212599357719084,-0.26404936699083836,0.5998861721615951,2.6755861614194405,-1.5038499494566777,-1.0309974186190631
0.18208066819989988,-0.2648915234425759,0.600436092990668,2.6753343062957504,-1.5030891692750061,-1.0307271877925646
0.1820352604574036,-0.265733411284893,0.6009860567034944,2.6750821510809355,-1.5023286390299893,-1.0304577708314755
0.18198978254453735,-0.2665750578713122,0.6015360796443399,2.6748296899649353,-1.5015683308410535,-1.0301891373827274
0.1819442280708512,-0.2674164224621004,0.6020861351634594,2.6745769338081153,-1.500808282851642,-1.0299213136833534
0.18189859608355574,-0.26825750116643254,0.602636220173316,2.6743238837016508,-1.5000484984039535,-1.029654302570594
0.1818528856282131,-0.26909829013232095,0.6031863316084376,2.6740705407336716,-1.4992889808009764,-1.0293881068713984
0.1818070957495297,-0.26993878555053014,0.6037364664282459,2.673816905986688,-1.4985297333021395,-1.029122729408922
0.1817612243128397,-0.27077898448873094,0.6042866222381398,2.673562980100012,-1.4977707585922335,-1.0288581745234517
0.1817152748871913,-0.27161888619435276,0.604836797685866,2.6733087640092754,-1.4970120562403957,-1.0285944367183084
0.181669244041613,-0.27245846939709006,0.6053869785076671,2.6730542635464345,-1.4962536459430955,-1.0283315297145128
0.1816231308630436,-0.27329772982086004,0.605937161333991,2.6727994799851413,-1.4954955313613256,-1.028069456466503
0.1815769235587621,-0.2741366708948359,0.6064873485256519,2.6725444105863714,-1.4947377112035076,-1.0278082340490735
0.1815306385204405,-0.2749753328264193,0.607037564614751,2.6722890462519358,-1.4939801451244368,-1.0275478204737758
0.18148426796459027,-0.27581366573227656,0.6075877769342903,2.672033400616729,-1.4932228797830949,-1.0272882477498215
0.18143781094930844,-0.2766516658351797,0.6081379824339188,2.6717774748256775,-1.4924659183717108,-1.0270295187292655
0.18139126653051507,-0.27748932941146687,0.6086881780955542,2.671521270015261,-1.4917092640297356,-1.026771636253147
0.1813446326158048,-0.27832665360683,0.6092383615400045,2.6712647868902013,-1.4909529193130204,-1.026514604652079
0.18129790795356948,-0.2791636409712092,0.6097885338653977,2.67100802468406,-1.4901968816741349,-1.026258424804306
0.18125109228066405,-0.2800002931777256,0.6103386955372865,2.670750983040608,-1.4894411491780397,-1.02600309639722
0.18120419416576006,-0.2808366004120954,0.6108888389496476,2.670493666398357,-1.4886857287537572,-1.025748609613471
0.18115719947846465,-0.28167251966258855,0.6114389361907526,2.6702360856550373,-1.4879306618609152,-1.0254950037059778
0.18111010418219653,-0.2825080837618681,0.6119890083332726,2.669978230601945,-1.4871759187638456,-1.025242272126688
0.18106292049827788,-0.283343319636619,0.6125390715973156,2.6697200952211713,-1.486421472156485,-1.0249903848585822
0.18101564209310705,-0.2841781874371802,0.6130890996308676,2.6694616907119695,-1.4856673591385057,-1.0247393675600813
0.18096826708497993,-0.2850126842030204,0.6136390899490749,2.6692030179083313,-1.4849135822816344,-1.0244892243476558
0.18092079507871972,-0.2858468108567718,0.6141890425197483,2.6689440767018664,-1.4841601403366986,-1.024239955469597
0.18087322520712945,-0.28668056444641843,0.614738954799738,2.6686848680842417,-1.483407035676319,-1.0239915634468109
0.1808255565682071,-0.2875139415556041,0.6152888239417633,2.6684253931870034,-1.4826542710987651,-1.0237440510555302
0.18077778836591163,-0.2883469385409263,0.615838646940416,2.668165653235061,-1.481901849587703,-1.0234974209869983
0.18072991958611162,-0.28917955127603,0.6163884204842112,2.6679056495737514,-1.4811497746016231,-1.0232516764853283
0.18068195036542223,-0.2900117755065337,0.6169381411047321,2.667645383764232,-1.4803980495114784,-1.0230068190037342
0.18063387863827973,-0.2908436031517573,0.6174878029488302,2.667384858221461,-1.4796466815632598,-1.022762855001959
0.180585709105479,-0.291675028865864,0.6180374015474643,2.6671240755195456,-1.4788956743333512,-1.0225197790299188
0.18053743260658628,-0.29250602789291225,0.6185869204925885,2.666863042177673,-1.4781450515093137,-1.0222776153443602
0.18048904491326256,-0.2933366223639606,0.6191363739102234,2.6666017511223683,-1.477394793085454,-1.0220363622697646
0.18044056333651692,-0.29416682878037986,0.6196857709599852,2.666340200031907,-1.476644880545593,-1.0217959857222103
0.18039196319649786,-0.2949965907201419,0.620235075290033,2.6660784029928917,-1.4758953690808323,-1.021556547091022
0.18034326236854437,-0.29582596381802034,0.6207843217973918,2.6658163457391564,-1.475146204357426,-1.0213179963958434
0.18029445008496747,-0.2966549063552785,0.6213334829644617,2.665554039869692,-1.4743974257612382,-1.0210803670180424
0.1802455281744817,-0.29748343167676894,0.6218825667964496,2.665291481832373,-1.4736490202775225,-1.0208436510197263
0.18019650354444483,-0.2983115298755486,0.6224315656816888,2.665028675937696,-1.472900995297585,-1.0206078411286665
0.18014736266513687,-0.2991391664618291,0.6229804569721766,2.664765631303753,-1.4721533840118397,-1.0203729723820203
0.18009810784264468,-0.29996637193643805,0.623529259961809,2.664502339145114,-1.4714061576548725,-1.02013902958146
0.1800487394709207,-0.30079315066761364,0.6240779768315408,2.6642387984724283,-1.4706593116389712,-1.0199060105786297
0.17999926067441363,-0.30161949584566183,0.6246266022282949,2.663975012133272,-1.4699128511461492,-1.0196739130444312
0.1799496656813817,-0.30244538696624457,0.6251751222557189,2.6637109860532138,-1.46916679528551,-1.0194427542071396
0.17989995702594364,-0.30327082859592147,0.6257235390957354,2.6634467194915605,-1.4684211389429103,-1.0192125283788516
0.17985013213391365,-0.3040958085089554,0.6262718441236945,2.66318221626345,-1.4676758931448015,-1.0189832444827134
0.17980019352069387,-0.30492032249858414,0.6268200337204366,2.6629174783744953,-1.4669310607932693,-1.0187549001515888
0.17975013103614312,-0.3057443578871553,0.6273680993739141,2.662652508822459,-1.466186654493158,-1.018527516778571
0.1796999493483864,-0.3065679427639178,0.6279160587117265,2.6623872997816034,-1.4654426473167048,-1.018301076433223
0.17964964779209547,-0.30739107006421945,0.6284639064106909,2.6621218537289644,-1.464699045259625,-1.0180755830406714
0.17959923352006957,-0.30821372721891344,0.6290116330613182,2.661856175898855,-1.4639558581505452,-1.0178510298396297
0.1795486849418384,-0.3090358833007788,0.6295592186750842,2.6615902736354293,-1.4632131169374039,-1.017627463705375
0.1794980276803826,-0.30985759019733067,0.6301066955184447,2.66132413424095,-1.462470769820494,-1.0174048237592597
0.17944724265888867,-0.3106787764881135,0.6306540166068588,2.661057778222196,-1.4617288842983762,-1.0171831678390917
0.17939632675899952,-0.31149947558649516,0.6312012035527896,2.660791195038943,-1.4609874297527572,-1.0169624888339321
0.17934528945154016,-0.31231971176282947,0.6317482712458573,2.6605243785752855,-1.4602463820509897,-1.0167427625342733
0.17929413245763248,-0.31313945246373476,0.6322951973030002,2.6602573397537728,-1.4595057700876342,-1.0165239983872172
0.17924284694103987,-0.3139586687534389,0.6328419622873769,2.659990087093401,-1.458765620988918,-1.0163062217169632
0.1791914261380536,-0.31477737964375213,0.6333885784737121,2.6597226141452786,-1.458025917790309,-1.0160894368145466
0.17913988148674598,-0.31559561435340727,0.633935063958992,2.6594549134066336,-1.4572866315884736,-1.0158736144628604
0.17908821643618023,-0.3164133339774742,0.6344813920140022,2.659186998120897,-1.456547796824764,-1.0156587635277912
0.17903640744844473,-0.31723050829727406,0.6350275430899535,2.6589188755475206,-1.4558094438240894,-1.015444933919391
0.1789844724076719,-0.31804720278222426,0.635573559061593,2.658650527321359,-1.4550715097125162,-1.0152320725952342
0.17893240527219945,-0.31886338144682513,0.6361194156208425,2.658381964667617,-1.4543340275852257,-1.0150202029141087
0.17888020499063728,-0.31967904199906316,0.6366651105932224,2.6581131886388185,-1.4535969990806008,-1.0148093277055772
0.17882787855081883,-0.3204941771528225,0.6372106380574865,2.6578442028513103,-1.4528604292894103,-1.0145994383899288
0.17877541196412983,-0.3213087559080204,0.6377559773865875,2.657575016119092,-1.452124347814121,-1.0143905694971769
0.17872280963028508,-0.32212281035690066,0.638301149010629,2.6573056190796094,-1.4513887241568393,-1.014182702417021
0.17867007068269025,-0.32293633799570143,0.6388461506020953,2.6570360128970223,-1.4506535601082893,-1.0139758397831908
0.17861719426363853,-0.32374933618516805,0.6393909797419592,2.65676619878563,-1.4499188575775914,-1.013769984274819
0.17856417952246018,-0.3245618021609686,0.639935633926219,2.6564961780087146,-1.449184618583924,-1.0135651386020603
0.178511039804492,-0.32537372298471834,0.6404801031368113,2.6562259567597564,-1.4484508525699364,-1.0133612856614163
0.17845774428315986,-0.3261850485900322,0.6410243548127568,2.65595554834153,-1.4477176086288683,-1.0131584946670982
0.17840431217791064,-0.32699586068974484,0.6415684417989747,2.6556849288165534,-1.4469848090701913,-1.0129567048338357
0.17835074164545794,-0.3278061263148093,0.6421123414805159,2.655414109193129,-1.4462524835941035,-1.0127559313628052
0.1782970305701439,-0.32861582775624854,0.6426560414247087,2.655143095520254,-1.4455206480049467,-1.012556184396118
0.17824318005324535,-0.32942495641473,0.6431995351126334,2.6548718912518248,-1.4447893093834923,-1.0123574654676804
0.17818918291491403,-0.33023350176634186,0.6437428151452433,2.654600499582056,-1.4440584776011631,-1.012159790529194
0.17813504149747583,-0.3310414809890772,0.6442858921699277,2.654328915663146,-1.4433281360540346,-1.0119631498992414
0.17808075517323463,-0.3318488906634148,0.6448287632170384,2.6540571410729705,-1.442598287301282,-1.011767546166699
0.17802632358292803,-0.3326557263286904,0.6453714246055058,2.6537851777692123,-1.4418689348165552,-1.011572981842236
0.17797174147462336,-0.333461985174018,0.6459138739955508,2.6535130266537714,-1.4411400811565958,-1.011379466992978
0.17791701435272733,-0.33426767881410907,0.6464561181827153,2.65324068500657,-1.4404117144133406,-1.0111869887208926
0.17786213903720194,-0.3350727884874932,0.6469981440465462,2.6529681592292698,-1.4396838514378483,-1.0109955592803685
0.17780711471213628,-0.33587731090922796,0.6475399487089559,2.6526954508759757,-1.438956494673259,-1.0108051815291634
0.17775193999399752,-0.3366812433179372,0.648081529668791,2.652422561275716,-1.4382296461477975,-1.0106158590914915
0.17769661282086524,-0.33748458620654603,0.6486228866386026,2.6521494906121923,-1.4375033049938661,-1.0104275955953699
0.17764113628397737,-0.3382873414282265,0.6491640199995157,2.651876239144931,-1.4367774685060997,-1.0102403855961946
0.1775855118787315,-0.33908949098723523,0.6497049168934517,2.6516028135890535,-1.4360521522768863,-1.010054233218729
0.1775297247608263,-0.33989102232196544,0.6502455688679922,2.6513292172298497,-1.4353273687815515,-1.009869168001516
0.1774737866133469,-0.34069197677184676,0.6507860024036787,2.6510554380059155,-1.4346030783221166,-1.0096851564250602
0.1774176979308124,-0.3414923266357868,0.6513261981710596,2.6507814857989893,-1.4338793054532728,-1.0095022076464402
0.17736145403341785,-0.3422920501048307,0.6518661410194828,2.6505073680536975,-1.4331560699212529,-1.0093203374026674
0.1773050472049027,-0.3430911532532608,0.6524058346616717,2.6502330825894833,-1.4324333663496795,-1.0091395568930777
0.1772484884285661,-0.3438896597815953,0.6529452938024125,2.649958623107285,-1.4317111712528514,-1.0089598399102848
0.17719177236758554,-0.34468753787006035,0.6534844965813917,2.649684000399651,-1.4309895135586561,-1.0087812067338089
0.177134898213263,-0.3454847849155711,0.6540234405608443,2.6494092158914837,-1.4302683950497215,-1.008603659977649
0.17707785367684092,-0.3462814065036901,0.654562129335055,2.6491342671546803,-1.4295478112315576,-1.008427218765931
0.17702065942680134,-0.34707743804730073,0.6551005850871929,2.648859144770763,-1.4288277269625524,-1.0082518366526054
0.1769632988158425,-0.34787282320922563,0.655638769936643,2.6485838668627113,-1.4281081946687497,-1.0080775612747046
0.1769057775401479,-0.3486675860018915,0.6561766990740141,2.6483084264581813,-1.427389191172171,-1.0079043752508228
0.17684809685780545,-0.3494617125635675,0.6567143623912837,2.6480328290112345,-1.4266707283039521,-1.0077322815630558
0.17679024673699306,-0.3502551910746962,0.657251751649806,2.6477570782719244,-1.4259528171534415,-1.0075613015210116
0.17673223499808177,-0.35104804517288346,0.6577888817161499,2.647481167546899,-1.4252354346859313,-1.0073914143353566
0.17667406240575323,-0.3518402524141164,0.658325736711654,2.647205105203689,-1.4245186006090274,-1.0072226266894686
0.1766157169189988,-0.35263179903845304,0.658862307161928,2.646928895533429,-1.4238023279386374,-1.0070549639503423
0.17655721349069387,-0.3534227105404576,0.6593986088925767,2.6466525318094223,-1.4230865912859554,-1.0068883926574883
0.17649853729228848,-0.35421294756931354,0.6599346152747811,2.64637602687811,-1.4223714272516679,-1.0067229514857157
0.17643969698147277,-0.35500253505041157,0.6604703420341522,2.646099373632731,-1.4216568115807526,-1.006558617815951
0.1763806851112535,-0.35579145406638857,0.6610057759986288,2.645822578609531,-1.420942761513311,-1.0063954109757334
0.17632150210224173,-0.3565797180958127,0.6615409255330547,2.645545637896937,-1.4202292640019696,-1.0062333261552694
0.1762621478623343,-0.357367329449244,0.6620757914883884,2.64526855137058,-1.419516316232275,-1.0060723631630892
0.17620262543322607,-0.3581542831742652,0.6626103696758383,2.644991321679149,-1.4188039217361814,-1.005912518902912
0.17614292766123496,-0.35894056419286563,0.663144649487581,2.644713954130869,-1.4180920941845279,-1.0057538109207305
0.17608306544717944,-0.3597261796981687,0.6636786346120767,2.6444364478477977,-1.4173808253477675,-1.0055962187218508
0.1760230174542765,-0.3605111006056746,0.6642123055461591,2.6441588118705264,-1.4166701428784636,-1.0054397885595279
0.17596280299429523,-0.36129537670568945,0.6647456944599917,2.643881031208199,-1.4159599989809242,-1.0052844716139815
0.17590240670927892,-0.3620789677350885,0.6652787740286383,2.6436031193122775,-1.4152504309543636,-1.005130307682395
0.1758418406372435,-0.3628618971721029,0.66581155893773,2.6433250696958797,-1.4145414156505274,-1.004977268989234
0.17578109828198984,-0.36364413140884033,0.666344025979122,2.643046894281612,-1.4138329835387329,-1.0048253779993601
0.17572017610745316,-0.36442567344290927,0.6668761766061846,2.642768592490885,-1.413125131439981,-1.004674640154702
0.1756590752823768,-0.3652065340992554,0.6674080173905108,2.6424901613717013,-1.4124178486506702,-1.0045250503425882
0.1755977949948071,-0.36598671161888113,0.6679395464608406,2.6422116022118947,-1.4117111361031416,-1.0043766109465293
0.17553634239225202,-0.36676619862624527,0.668470757816491,2.6419329188909817,-1.41100499923649,-1.0042293125590593
0.17547470370915486,-0.367544967303994,0.6690016324207964,2.6416541208948607,-1.4102994637521598,-1.0040831880831642
0.17541288334730876,-0.3683230476596693,0.6695321897378048,2.64137519877447,-1.4095945011960729,-1.0039382207046073
0.17535088316230585,-0.36910043524079295,0.670062425962727,2.6410961549904037,-1.4088901147492314,-1.0037944091032944
0.17528870067621005,-0.3698771172683294,0.6705923318057438,2.640816994631654,-1.4081863155104273,-1.003651762036025
0.17522633511711438,-0.3706530918105805,0.671121905270283,2.6405377191021455,-1.4074831045531644,-1.0035102818424437
0.17516378535349375,-0.37142835720905676,0.6716511445593922,2.6402583296894475,-1.4067804827248125,-1.0033699713866902
0.17510105220923133,-0.3722029120209477,0.6721800479473106,2.6399788277501504,-1.4060784505350075,-1.0032308301180173
0.17503813253459244,-0.3729767500513892,0.6727086106314175,2.63969921605012,-1.4053770131046865,-1.0030928658060667
0.17497502660367825,-0.3737498754039419,0.6732368346778359,2.639419493948421,-1.404676165917826,-1.0029560770734876
0.17491173362813894,-0.3745222858438166,0.6737647178863257,2.63913966298176,-1.403975910311508,-1.0028204663879032
0.17484825382689584,-0.37529397867943054,0.6742922577073962,2.638859724926554,-1.4032762479708305,-1.0026860346254423
0.17478458176193667,-0.37606495101502374,0.6748194516659698,2.638579681250615,-1.40257718113357,-1.0025527924492224
0.1747207273102691,-0.37683521110164536,0.6753463042993451,2.6382995304843426,-1.4018787008762004,-1.002420720682153
0.1746566756187775,-0.377604731799809,0.6758727969763685,2.6380192821570017,-1.401180832140761,-1.0022898537994227
0.17459243551622228,-0.3783735438434462,0.6763989495897516,2.637738926667672,-1.4004835455670106,-1.0021601673777378
0.174528003939451,-0.37914162975551946,0.6769247496454103,2.637458470897337,-1.3997868565238736,-1.0020316725711484
0.17446338017893748,-0.37990898703253206,0.677450194757391,2.637177916527723,-1.3990907665708379,-1.0019043717829508
0.17439856352542904,-0.38067561324991733,0.6779752825933243,2.636897265218877,-1.398395277192917,-1.0017782673897622
0.17433356127084743,-0.3814415003804799,0.6785000067082989,2.6366165211725794,-1.39770039452662,-1.0016533496750626
0.17426835936714768,-0.3822066212751968,0.679024348382868,2.636335694162645,-1.3970061433796959,-1.0015296516493029
0.17420296397845902,-0.38297100511620447,0.6795483265884079,2.636054774901605,-1.3963124960043751,-1.001407154011644
0.17413737136815532,-0.38373464457468454,0.680071935753424,2.635773766665602,-1.3956194585185844,-1.001285865864377
0.17407158283760982,-0.384497544560494,0.6805951784786051,2.6354926686160622,-1.3949270255944837,-1.0011657838301873
0.17400559722371867,-0.38525969984894326,0.6811180505362149,2.6352114834395763,-1.3942352012827137,-1.0010469119133347
0.17393941384209377,-0.386021108177879,0.6816405497030615,2.6349302127864975,-1.3935439869033344,-1.0009292523691826
0.17387303201684112,-0.38678176726069463,0.6821626737389597,2.634648858322881,-1.39285338379598,-1.000812807444317
0.17380645185593258,-0.3875416742233718,0.682684419974811,2.6343674219821165,-1.392163393796017,-1.0006975781983138
0.17373967029069348,-0.3883008251254474,0.6832057851222255,2.6340859059102613,-1.3914740198642914,-1.0005835715188114
0.17367268755229537,-0.38905922511550806,0.6837267719931779,2.6338043091270724,-1.390785256503525,-1.0004707858202602
0.17360550286753007,-0.38981687300367246,0.6842473791034256,2.6335226329111454,-1.390097104046454,-1.0003592231838458
0.1735381154654858,-0.39057376759160495,0.6847676049636391,2.633240878548503,-1.389409562830617,-1.0002488856921394
0.17347053260542644,-0.39132990199649137,0.6852874439223298,2.63295904986437,-1.3887226380290136,-1.000139763160591
0.17340274461447347,-0.39208524774256737,0.6858068761140363,2.6326771577168233,-1.3880363552661252,-1.000031881263303
0.17333474791282155,-0.39283982287913966,0.6863259133097173,2.6323951962053638,-1.38735069742519,-0.9999252411577084
0.1732665489882641,-0.39359364317033607,0.6868445653931916,2.632113160779447,-1.386665649052689,-0.9998198272225853
0.17319814478143103,-0.3943466920189492,0.6873628204051019,2.6318310583171467,-1.3859812246262866,-0.9997156500754838
0.1731295345949384,-0.3950989676378994,0.6878806764483327,2.6315488903716044,-1.3852974250078085,-0.9996127118057855
0.17306071773205733,-0.3958504682520199,0.6883981316340866,2.6312666584984186,-1.3846142510465116,-0.9995110144886016
0.17299169349788368,-0.3966011921017288,0.6889151840846948,2.630984364252404,-1.3839317035748553,-0.9994105601936314
0.17292246119823274,-0.3973511374410817,0.6894318319320747,2.630702009189789,-1.3832497834110296,-0.999311350977818
0.17285302013973647,-0.3981003025389864,0.689948073318627,2.6304195948674356,-1.3825684913577196,-0.9992133888867022
0.17278336963032004,-0.3988486856815214,0.6904639063989779,2.630137122841057,-1.3818878281995788,-0.9991166759586042
0.17271350897879234,-0.39959628517218615,0.6909793293401094,2.6298545946654874,-1.3812077947032186,-0.9990212142225788
0.17264343749366873,-0.40034309933039913,0.6914943403201272,2.629572011896729,-1.380528391619327,-0.9989270056910299
0.17257315259808692,-0.4010891278293636,0.6920089385067767,2.629289375500255,-1.3798496185163494,-0.9988340552895617
0.17250265392725028,-0.40183437648845943,0.6925231272217869,2.629006684245126,-1.379171469279627,-0.9987423623023362
0.17243194923566785,-0.40257884086234635,0.6930369024870018,2.628723941113239,-1.3784939469383262,-0.9986519147598417
0.17236102503209816,-0.4033224958884977,0.6935502468092962,2.6284411558880523,-1.3778170739387403,-0.9985627437931299
0.172289885319854,-0.4040653697036134,0.6940631787159317,2.6281583191640334,-1.3771408236666645,-0.9984748346156442
0.17221852937923465,-0.4048074609671773,0.6945756966284655,2.627875432383901,-1.3764651965455643,-0.9983881892095954
0.1721469721918787,-0.40554875726867934,0.6950877908791044,2.6275925018455437,-1.3757902027355564,-0.9983027851447288
0.17207518060507665,-0.40628921694435666,0.6955994331179682,2.6273095428877564,-1.375115880242909,-0.9982186926810134
0.1720031892066638,-0.4070289078389043,0.6961106683013378,2.6270265323259174,-1.3744421655233743,-0.998135832151884
0.17193097319949446,-0.4077677582679064,0.6966214471545444,2.626743497268979,-1.373769123758369,-0.9980542676380573
0.17185853854805488,-0.40850580848355356,0.697131796518466,2.6264604237465083,-1.3730967172466624,-0.9979739775475424
0.17178587841376336,-0.4092430615485659,0.6976417180255519,2.6261773113321865,-1.3724249424943393,-0.9978949733386702
0.17171300204578,-0.40997953364720985,0.6981512218805213,2.625894155235922,-1.3717537837246256,-0.9978172345250848
0.17163990562858933,-0.41071520005503487,0.698660290491719,2.625610965717513,-1.3710832627609815,-0.9977407750280801
0.17156658822227122,-0.4114500573593169,0.6991689208586296,2.625327745066382,-1.370413381911489,-0.9976655977176621
0.1714930572712725,-0.4121840982264034,0.6996771070371848,2.6250444973883957,-1.3697441469457339,-0.9975916917710796
0.17141929942722145,-0.41291729797626,0.7001848317109625,2.624761232680577,-1.3690755797737193,-0.9975190877428316
0.17134531917212747,-0.4136496834000716,0.7006921125458261,2.624477941919359,-1.3684076550384956,-0.9974477705500693
0.1712711163254399,-0.4143812505899657,0.7011989461780326,2.624194627640513,-1.3677403754855697,-0.9973777418274857
0.17119668944432842,-0.41511199556869455,0.701705329230272,2.623911292372972,-1.3670737439367557,-0.9973090054396206
0.17112203794811842,-0.4158419181896506,0.7022112609443543,2.6236279372125484,-1.3664077597032729,-0.9972415626722462
0.17104715378977042,-0.4165710227005445,0.7027167438028874,2.6233445613182003,-1.3657424181367768,-0.9971754268053592
0.17097205400533433,-0.41729932436025385,0.7032217872101829,2.6230611604175653,-1.3650777043362268,-0.9971105638536427
0.17089672221452368,-0.4180267801908419,0.7037263612638398,2.622777751622787,-1.364413656848043,-0.9970470146141538
0.17082116142403958,-0.41875341786110115,0.7042304843229585,2.6224943254298876,-1.3637502495368519,-0.9969847664977884
0.17074537952708457,-0.4194792335270221,0.7047341528564717,2.622210884633851,-1.3630874850498274,-0.9969238067979086
0.17066936316565195,-0.4202042036173761,0.7052373502626534,2.621927439044179,-1.3624253841373757,-0.996864165659387
0.1705931162118124,-0.42092835536132744,0.7057400945941597,2.6216439793120734,-1.3617639210667116,-0.9968058291329587
0.17051663937144923,-0.42165168672819003,0.706242383769836,2.621360507318821,-1.3611030968515383,-0.9967487967347549
0.17043993876657826,-0.42237418650446473,0.7067442092155369,2.621077028677852,-1.3604429209061952,-0.9966930607979341
0.17036299904237806,-0.42309583484446683,0.7072455569359279,2.6207935517971226,-1.3597834105166233,-0.9966386539480705
0.17028583011389076,-0.4238166634359289,0.7077464479389128,2.6205100657010543,-1.3591245358967252,-0.9965855504119004
0.17020843453533674,-0.4245366507066241,0.7082468665736008,2.62022657996813,-1.3584663159375674,-0.9965337515235642
0.17013080495900024,-0.4252557779092016,0.7087467993847367,2.619943102862025,-1.3578087669129866,-0.9964832753537641
0.17005293669178423,-0.42597406000743526,0.7092462561872832,2.619659629545452,-1.3571518742763657,-0.9964341264457202
0.16997484029889964,-0.426691510696408,0.7097452455458524,2.6193761560272657,-1.356495624732573,-0.9963862826259832
0.16989650239440302,-0.4274081077140355,0.710243751715697,2.6190926918450756,-1.3558400376927682,-0.9963397735922123
0.16981793441958226,-0.4281238731580811,0.7107417890714114,2.6188092297106813,-1.355185092204591,-0.9962945734409768
0.1697391305297402,-0.42883878125708236,0.7112393392423275,2.618525780757381,-1.3545308109367713,-0.9962506993350854
0.1696600893074658,-0.4295528355813521,0.7117364040810776,2.618242344697075,-1.3538771897672972,-0.9962081529769904
0.16958081069831588,-0.4302660398219193,0.7122329854946541,2.6179589212194854,-1.3532242244756043,-0.9961669336249744
0.16950128774998285,-0.43097839795325554,0.7127290857552175,2.6176755097570776,-1.3525719104872331,-0.9961270527512157
0.1694215320735628,-0.43168992424560715,0.7132247138412411,2.6173921060331695,-1.3519202340602867,-0.9960884861972332
0.16934153603435265,-0.4324005896922975,0.7137198491609498,2.6171087225260274,-1.3512692207652903,-0.9960512550220536
0.16926129764970055,-0.4331104024605077,0.7142144967794715,2.6168253571242217,-1.3506188622507493,-0.9960153607803075
0.1691808234438157,-0.4338193659605793,0.7147086582677051,2.616542009748536,-1.3499691546598767,-0.9959807910815779
0.16910010859993907,-0.4345274606090324,0.7152023194931285,2.6162586892655546,-1.349320114975563,-0.995947559491409
0.169019149929166,-0.43523469112435514,0.7156954831571163,2.615975394926899,-1.3486717379723843,-0.9959156705656216
0.16893795214566198,-0.4359410643431463,0.7161881532573053,2.6156921252624463,-1.348024016642404,-0.9958851142492172
0.1688565088315621,-0.43664656982946026,0.7166803220442004,2.615408885516464,-1.3473769595476859,-0.995855904636556
0.1687748204217394,-0.43735121992123577,0.7171719974405084,2.615125671951639,-1.3467305545550272,-0.995828037950946
0.1686928874620599,-0.4380550164008952,0.7176631800362179,2.6148424850385164,-1.3460847991899303,-0.9958015128492362
0.168610711735103,-0.43875795416679053,0.7181538656093096,2.6145593280247605,-1.3454396973107157,-0.9957763274552153
0.1685282914160564,-0.43946002295548126,0.7186440464250845,2.6142762061935567,-1.3447952574117907,-0.9957524875759896
0.16844562387078366,-0.44016122220477827,0.7191337215111835,2.6139931209416227,-1.3441514790855766,-0.9957299980667158
0.1683627098270195,-0.44086155680203143,0.7196228936165294,2.613710071515014,-1.3435083570241297,-0.9957088564617216
0.16827955070226963,-0.4415610230531071,0.7201115595066128,2.6134270606200065,-1.3428658937961018,-0.9956890611334422
0.1681961418133242,-0.44225961477486037,0.7205997143424523,2.613144091912096,-1.3422240940681907,-0.9956706219456886
0.1681124882775702,-0.44295733745356847,0.7210873612035908,2.6128611644440194,-1.3415829521225517,-0.9956535284166468
0.1680285836374833,-0.44365417906104176,0.7215744912162121,2.6125782842373586,-1.3409424779116699,-0.9956377949613013
0.16794442987243352,-0.4443501499229272,0.7220611108997028,2.6122954483593137,-1.340302661191571,-0.9956234155479223
0.16786002562540991,-0.4450452471734742,0.7225472176573633,2.612012659182613,-1.3396635036828568,-0.9956103932707382
0.16777537054884029,-0.4457394710772667,0.7230328110534008,2.611729917825659,-1.3390250042738079,-0.9955987286592654
0.16769046415032696,-0.44643282039877297,0.7235178896109886,2.6114472260171624,-1.3383871632199849,-0.9955884228562693
0.16760530599717471,-0.4471252935515093,0.7240024516081047,2.611164585634906,-1.3377499811004776,-0.9955794769652787
0.167519895719197,-0.4478168885462799,0.7244864950414134,2.6108819987259952,-1.3371134588650786,-0.995571892065989
0.16743423298488302,-0.44850760297432973,0.7249700176144604,2.610599467516199,-1.336477597850049,-0.9955656692477299
0.16734831739466838,-0.44919743415475316,0.7254530168425859,2.6103169943484708,-1.3358423996382534,-0.9955608097758005
0.16726214805583695,-0.4498863798477769,0.7259354905584701,2.610034581391281,-1.3352078653881334,-0.9955573156830566
0.1671757237161242,-0.45057443986824486,0.7264174380359458,2.6097522299774263,-1.3345739943590211,-0.9955551891652701
0.1670890438168673,-0.45126161574191764,0.7268988597315582,2.609469940742691,-1.333940784270116,-0.995554430781698
0.16700210678559513,-0.4519479083867333,0.7273797556986858,2.6091877145702096,-1.333308233349461,-0.9955550430552422
0.16691491177740492,-0.4526333210755209,0.7278601276235959,2.608905551378251,-1.3326763376968795,-0.995557026664788
0.1668274683561335,-0.4533178487391322,0.7283399711774994,2.6086234545226485,-1.332045101548889,-0.995560365462222
0.16673976084066533,-0.45400146713954675,0.7288192690965323,2.608341435269544,-1.3314145455142914,-0.9955650929299933
0.16665180004394253,-0.4546842027236231,0.7292980390491395,2.6080594840001536,-1.3307846450252672,-0.9955711835562874
0.16656356934023364,-0.4553660441874094,0.729776272821125,2.6077776066810774,-1.3301554087470706,-0.995578669632106
0.1664750846172982,-0.45604702368217775,0.7302539919997821,2.6074957912680476,-1.3295268071489772,-0.9955875153396977
0.1663863415729705,-0.4567271085043762,0.7307311731923294,2.607214052575059,-1.3288988691264148,-0.9955977355200923
0.16629733868493135,-0.45740629387061393,0.7312078124709762,2.6069323938872664,-1.3282715981268587,-0.9956093337922569
0.16620807527724502,-0.4580845799556447,0.7316839093608287,2.606650816440203,-1.3276449930967016,-0.9956223111438782
0.16611854964415418,-0.4587619675412792,0.7321594638309126,2.606369321223057,-1.3270190523660683,-0.9956366702871525
0.16602876779484976,-0.4594384555095097,0.7326344743925546,2.6060879099809657,-1.3263937764439488,-0.9956524004388059
0.16593871764682255,-0.46011403076702234,0.7331089314771901,2.6058065895513964,-1.3257691757885488,-0.9956695259716194
0.16584840129475165,-0.46078871969812385,0.7335828529164488,2.6055253502398954,-1.3251452254578338,-0.9956880372368219
0.16575783412356904,-0.46146251578376357,0.7340562332980847,2.605244195967769,-1.3245219314900547,-0.9957079077083234
0.16566699108272598,-0.46213538389000497,0.7345290478199127,2.6049631429312714,-1.3238993237422825,-0.9957291897721865
0.16557589159974917,-0.46280736660502797,0.735001325400531,2.604682174491923,-1.323277363482321,-0.9957518391292303
0.16548451716607238,-0.4634784365516719,0.7354730465573587,2.604401303597254,-1.3226560738050497,-0.9957758947076243
0.16539288194695478,-0.46414862371937066,0.7359442314879994,2.60412051886709,-1.3220354272318613,-0.9958013244274191
0.16530097598248972,-0.4648179045942721,0.736414863276063,2.6038398315925138,-1.321415443830199,-0.9958281509477189
0.16520880961716777,-0.4654862878502824,0.736884947250763,2.6035592393557225,-1.3207961154628256,-0.9958563535337892
0.1651163683644037,-0.4661537543204002,0.7373544696006924,2.6032787517244764,-1.3201774578911714,-0.9958859620300493
0.16502366362873877,-0.4668203275654712,0.7378234460864244,2.6029983599828923,-1.3195594494034206,-0.9959169507175281
0.16493069099691127,-0.46748598567343697,0.7382918608160227,2.6027180747728376,-1.3189421089518234,-0.9959493317725155
0.1648374496758902,-0.4681507292378701,0.7387597136267336,2.6024378972140063,-1.3183254350808593,-0.9959831061869737
0.16474393882789773,-0.46881455909351993,0.7392270045274407,2.6021578283261504,-1.3177094261084792,-0.9960182749829217
0.16465015756247237,-0.4694774763546147,0.739693733725785,2.6018778690125064,-1.3170940800900508,-0.9960548392200457
0.1645561026450597,-0.47013948403611383,0.7401599027990349,2.6015980194040735,-1.3164793931589982,-0.9960928038183994
0.1644617740743617,-0.47080059070473,0.7406255171802743,2.601318277222042,-1.3158653565823581,-0.996132166762097
0.16436717761006125,-0.47146079406608443,0.7410905745999092,2.601038644706928,-1.3152519720401503,-0.9961729177789831
0.16427230443349972,-0.4721200798322963,0.7415550645635367,2.6007591294494885,-1.3146392511217384,-0.9962150753003329
0.16417716742623956,-0.4727784556744897,0.7420189917064755,2.6004797293385877,-1.3140271869249256,-0.9962586141622911
0.1640817465758384,-0.47343589919987483,0.7424823399816791,2.6002004556617275,-1.3134157975936804,-0.9963035745531503
0.16398605592756654,-0.47409244592147143,0.7429451335838109,2.5999212943811485,-1.312805050755049,-0.9963499237952873
0.1638900895101414,-0.4747480737362596,0.7434073564818249,2.599642256431668,-1.3121949653780944,-0.9963976766047093
0.16379384940237873,-0.47540278567206234,0.7438690102029071,2.599363341865675,-1.3115855379937869,-0.9964468282435739
0.16369733258878005,-0.4760565769410589,0.744330090845394,2.5990845541863328,-1.310976771896374,-0.9964973846841424
0.1636005442605608,-0.47670944810288457,0.7447905981652259,2.598805894443865,-1.3103686661545635,-0.9965493360023628
0.16350347070941673,-0.4773613917023868,0.7452505265157603,2.598527367532483,-1.3097612255998439,-0.9966027080013897
0.16340612440293967,-0.47801243263920495,0.7457098926947041,2.598248963869504,-1.30915442755247,-0.99665747301046
0.16330849847234497,-0.478662549382133,0.7461686810682848,2.597970694271611,-1.3085482903533023,-0.9967136470824431
0.16321059662384707,-0.47931174662434445,0.7466268943284957,2.5976925580386774,-1.307942809159246,-0.9967712221830748
0.16311241197919424,-0.4799600185135659,0.7470845278707832,2.5974145592675666,-1.3073379878826774,-0.9968302114033251
0.16301394963487903,-0.48060737608552007,0.7475415888427017,2.597136694477006,-1.306733815976171,-0.9968906030301812
0.16291520679013072,-0.48125380972547405,0.7479980699440776,2.5968589693051345,-1.306130301172149,-0.9969524034365245
0.16281619119523016,-0.48189931534281616,0.7484539676445237,2.596581386748672,-1.305527447102461,-0.9970155988255157
0.16271689202850892,-0.4825438745322727,0.7489092685343692,2.5963039565035837,-1.3049252688462112,-0.9970802116034817
0.16261731006948743,-0.48318750654818915,0.749363985608654,2.596026671630927,-1.3043237479114727,-0.9971462363736525
0.16251744440817806,-0.48383021652574176,0.7498181219388127,2.5957495313491994,-1.3037228786302004,-0.9972136733738575
0.1624172943028781,-0.4844720076690534,0.7502716792366639,2.5954725357078083,-1.3031226571238395,-0.9972825228880694
0.16231686786026156,-0.48511287574281914,0.750724653878799,2.595195687748152,-1.3025230872310196,-0.9973527704514477
0.16221615151402924,-0.48575280344817295,0.7511770332529801,2.594918996844354,-1.3019241826871282,-0.997424443154055
0.16211515274315413,-0.48639181325223657,0.7516288325748137,2.594642454408763,-1.3013259227013807,-0.9974975229817548
0.1620138689982218,-0.4870298942728606,0.7520800436450257,2.594366066708055,-1.3007283161833412,-0.9975720159082415
0.16191230160422654,-0.487667045566454,0.7525306652354482,2.5940898355584197,-1.3001313632877285,-0.997647919133208
0.16181044580435078,-0.488303264211897,0.7529806947823445,2.5938137638360574,-1.2995350653652555,-0.9977252412156186
0.16170830738076702,-0.4889385558766592,0.7534301356837267,2.5935378503203776,-1.2989394169485888,-0.9978039701302093
0.1616058797288087,-0.48957290971877426,0.7538789798028125,2.593262101438884,-1.2983444264837543,-0.9978841190975948
0.16150317017762683,-0.4902063318169433,0.7543272308184443,2.5929865157371554,-1.2977500883046629,-0.9979656731934222
0.1614001751292471,-0.49083880537234276,0.7547748763567115,2.592711102195034,-1.2971564166662004,-0.9980486411025739
0.1612968850920975,-0.4914703371569293,0.7552219207392215,2.5924358596275026,-1.2965634034579077,-0.9981330382952345
0.16119330275792487,-0.4921009519913518,0.755668380934921,2.5921607784526133,-1.2959710252439678,-0.9982188552219976
0.16108943377829865,-0.4927306476294819,0.756114254774519,2.591885860908713,-1.2953792838620801,-0.9983060814130207
0.16098527560738596,-0.4933594074858531,0.7565595300251666,2.591611115878635,-1.2947881934701917,-0.9983947235460633
0.16088083335925818,-0.4939872255604817,0.7570042018674519,2.5913365473057164,-1.2941977593372462,-0.9984847726359045
0.16077609495348,-0.49461409179375654,0.7574482627509864,2.591062161581107,-1.2936079885309841,-0.9985762515242328
0.1606710712288555,-0.49524002469972006,0.7578917251426516,2.5907879515688332,-1.2930188643819422,-0.9986691369196552
0.16056574822843928,-0.4958650110476227,0.7583345792634644,2.5905139251587843,-1.2924303966367372,-0.9987634555618858
0.1604601396242442,-0.4964890708467334,0.7587768386285099,2.590240074406383,-1.2918425675920457,-0.9988591788255256
0.16035423626878087,-0.49711218082547615,0.7592184863171134,2.589966411511268,-1.2912553968007057,-0.9989563262241914
0.16024803367108253,-0.4977343561531911,0.7596595325641045,2.5896929313853003,-1.2906688688906194,-0.9990549028835319
0.16014154447600637,-0.4983556046464147,0.7600999822848156,2.589419631508401,-1.290082977320565,-0.999154883961413
0.1600347579693735,-0.49897590174861767,0.7605398176520461,2.5891465247754315,-1.289497742620316,-0.9992562919071172
0.15992767520485485,-0.4995952623239369,0.7609790486538817,2.5888736059963553,-1.2889131503607847,-0.9993591218431067
0.15982030399837077,-0.5002136827600921,0.7614176721588173,2.588600877950064,-1.288329204002367,-0.9994633593728885
0.159712633401619,-0.5008311466627976,0.7618556761085262,2.588328349956074,-1.2877459164921288,-0.9995690260320063
0.15960466768036286,-0.5014476707330997,0.7622930717803138,2.5880560158476524,-1.2871632721104413,-0.9996761108520008
0.159496406705125,-0.5020632492263847,0.7627298545879695,2.587783879712352,-1.2865812753125374,-0.9997846141358208
0.15938784946940565,-0.5026778788415063,0.7631660216809943,2.5875119445891737,-1.2859999281897658,-0.999894537394917
0.15927899234790077,-0.5032915613759197,0.7636015738375099,2.587240211345837,-1.2854192277858951,-1.0000058861632486
0.15916983635710835,-0.5039043043573725,0.7640365158714935,2.5869686780537298,-1.2848391664432066,-1.0001186567448255
0.1590603819149301,-0.5045161061769331,0.7644708461283773,2.586697346926589,-1.2842597448681699,-1.0002328478161566
0.15895062823270356,-0.5051269637400546,0.7649045619080965,2.5864262209095346,-1.2836809649842487,-1.0003484604399604
0.15884058239834875,-0.5057368711188094,0.7653376584595195,2.5861553038630896,-1.2831028323848732,-1.0004654817232637
0.15873022596345177,-0.5063458184731545,0.7657701283905372,2.585884602655184,-1.282525352878381,-1.0005839456692085
0.1586195806065338,-0.5069538320584859,0.7662019897029904,2.5856141058612723,-1.281948504282544,-1.0007038085026279
0.15850862584398184,-0.5075608799559874,0.7666332193517675,2.5853438304870378,-1.2813723125084997,-1.0008251108565729
0.1583973704069681,-0.5081669929323048,0.7670638386151158,2.585073763661681,-1.2807967494700125,-1.0009478319275409
0.15828582025876425,-0.5087721558888197,0.76749383625127,2.5848039134655187,-1.2802218291278313,-1.001071962013676
0.1581739579347694,-0.509376357629329,0.7679232038896009,2.5845342874185477,-1.2796475585949247,-1.0011975334050993
0.15806180062346709,-0.5099796239016493,0.768351959229181,2.5842648744413492,-1.2790739156292967,-1.0013245106771527
0.15794933871930716,-0.5105819270527862,0.7687800821821473,2.5839956891719704,-1.2785009236457343,-1.0014529139156594
0.15783657342213608,-0.5111832771407692,0.7692075793844424,2.5837267285023193,-1.2779285726915348,-1.001582738739508
0.15772350422977865,-0.5117836738996306,0.7696344501521972,2.583457994120416,-1.2773568621232736,-1.001713985177196
0.1576101306379485,-0.5123831170681041,0.7700606938061174,2.583189487715217,-1.276785791293694,-1.0018466532459147
0.15749644924198014,-0.5129816083417651,0.7704863110688973,2.5829212102378656,-1.276215357320731,-1.001980747994385
0.15738246859089866,-0.5135791493054417,0.7709113025450032,2.5826531620342483,-1.2756455591702422,-1.0021162527631813
0.1572681763706778,-0.5141757261783545,0.7713356579919748,2.5823853516601196,-1.275076406981247,-1.0022531906103127
0.15715357539721841,-0.514771359965627,0.7717593918375547,2.5821177708593592,-1.2745078808971215,-1.0023915529734653
0.15703867353977818,-0.5153660451909878,0.7721824996800448,2.581850423242846,-1.2739399863470802,-1.0025313252661505
0.15692346682965308,-0.5159597614794322,0.7726049665602841,2.5815833199693503,-1.2733727408084161,-1.0026725160680323
0.15680794418196653,-0.5165525161435623,0.7730267972191305,2.58131645987637,-1.2728061350229534,-1.0028151436473487
0.1566921158324388,-0.5171443303853329,0.773448006222667,2.5810498341386348,-1.2722401500836855,-1.0029591860357159
0.1565759785463965,-0.5177351883504437,0.7738685818235274,2.5807834518131765,-1.271674799376755,-1.0031046499111282
0.15645953237451948,-0.5183250898439837,0.7742885234018981,2.5805173145450095,-1.2711100822832966,-1.0032515341919015
0.15634277754844117,-0.5189140328628264,0.7747078290525624,2.580251424807191,-1.270545999891641,-1.0033998376535058
0.15622571321548318,-0.5195020150059105,0.7751264965902318,2.579985785326912,-1.2699825534926432,-1.0035495610671377
0.15610834098534498,-0.5200890346828149,0.7755445244025241,2.5797203983101498,-1.2694197440162707,-1.0037007006253216
0.1559906536559863,-0.5206750906576896,0.7759619111456706,2.5794552663456165,-1.2688575706679248,-1.0038532684662225
0.15587266138585454,-0.5212601911577286,0.7763786621855555,2.5791903865447514,-1.2682960266359609,-1.0040072442358816
0.1557543517903719,-0.5218443220136946,0.7767947669797088,2.578925767847159,-1.2677351222831614,-1.0041626507890482
0.1556357375060422,-0.5224274969588293,0.7772102348179906,2.5786614046301373,-1.2671748461111798,-1.0043194627153604
0.15551680694220993,-0.5230096977322121,0.7776250522394794,2.5783973077211373,-1.266615212394381,-1.0044777017707247
0.1553975623153554,-0.5235909414712809,0.7780392309775905,2.578133470561565,-1.2660562047909383,-1.0046373611305621
0.15527800335478226,-0.5241712281616432,0.7784527705562838,2.577869894745664,-1.2654978224707334,-1.0047984401984564
0.15515813433433223,-0.5247505539999038,0.778865667798335,2.5776065833410797,-1.2649400688800119,-1.0049609304926241
0.15503795239026807,-0.5253289079635471,0.7792779143870576,2.5773435432753127,-1.2643829529940187,-1.0051248371161183
0.15491744738142055,-0.5259062977232531,0.7796895153288403,2.5770807732207266,-1.263826465196006,-1.005290176584587
0.15479663162965185,-0.5264827398879116,0.7801004819977964,2.5768182661302568,-1.2632705913358617,-1.0054569239275915
0.15467549905970657,-0.5270582147811762,0.7805107999111676,2.5765560332251267,-1.2627153478760687,-1.0056250908161397
0.15455405386628618,-0.5276327246495661,0.7809204702118735,2.57629407474553,-1.2621607326616668,-1.0057946682885475
0.15443229233569244,-0.5282062617023014,0.7813294868868494,2.5760323961996927,-1.261606751517766,-1.0059656625776576
0.15431021050731797,-0.5287788326583358,0.7817378542698181,2.5757709962918596,-1.2610533967311781,-1.0061380790851866
0.15418780850201808,-0.5293504474572084,0.7821455789965528,2.575509871912552,-1.260500658290357,-1.0063119155807825
0.15406509583524564,-0.5299211016954362,0.7825526574806019,2.5752490260412766,-1.2599485411705624,-1.0064871540421816
0.15394206899548957,-0.5304907730479009,0.78295907334094,2.5749884710606796,-1.2593970647536235,-1.0066638014498508
0.15381871380168155,-0.5310594691595633,0.7833648315680284,2.5747282059841483,-1.2588462186466611,-1.0068418816003424
0.15369504527497257,-0.5316272134093035,0.7837699484120231,2.5744682202487166,-1.258295982986074,-1.0070213642401258
0.15357105712668462,-0.53219398333237,0.7841744073874932,2.5742085265371,-1.257746376778907,-1.0072022613017735
0.15344674898639754,-0.5327597835843318,0.7845782113710711,2.5739491242665777,-1.2571973948544632,-1.0073845718510608
0.15332212017791047,-0.5333246157109037,0.7849813610213863,2.5736900143484993,-1.2566490348796093,-1.007568295748277
0.1531971707588351,-0.533888480308793,0.7853838563226034,2.573431198087788,-1.256101295537255,-1.0077534316038366
0.15307190085312028,-0.5344513759555534,0.7857856958185563,2.573172677745791,-1.2555541774058294,-1.0079399780388123
0.15294631043988138,-0.5350133004646724,0.7861868775083702,2.5729144559602344,-1.255007681751985,-1.0081279339816644
0.1528204008084102,-0.5355742508599092,0.7865873988304459,2.5726565356488083,-1.2544618108261212,-1.0083172960247129
0.15269416623205334,-0.536134225630251,0.7869872582562687,2.572398919576491,-1.253916564210115,-1.008508073318311
0.15256760638171984,-0.5366932356169262,0.7873864630958551,2.5721416041943366,-1.2533719309711366,-1.0087002644431595
0.15244072824598076,-0.5372512794161274,0.7877850119302918,2.5718845912182227,-1.2528279129678137,-1.0088938555910067
0.1523135295402378,-0.5378083414312965,0.7881828931757537,2.571627889886128,-1.2522845235573334,-1.0090888505695166
0.15218599858370174,-0.5383644274143038,0.78858011048096,2.5713714999823805,-1.2517417543987082,-1.00928526876588
0.15205814692436936,-0.5389195557634499,0.788976676601334,2.571115413366405,-1.2511995897747892,-1.009483086907278
0.15192996928628677,-0.5394737100826505,0.7893725793737398,2.5708596399188184,-1.2506580432073577,-1.009682314190922
0.1518014730559445,-0.5400268897936511,0.7897678179809469,2.5706041809205353,-1.2501171159143607,-1.0098829359791575
0.1516726483745514,-0.5405790839882034,0.790162384165717,2.570349044026809,-1.249576815417679,-1.0100849692975737
0.1515435000563201,-0.5411303055284474,0.7905562867189753,2.5700942242657865,-1.2490371299053882,-1.0102884033795119
0.1514140219061173,-0.541680551352876,0.7909495230082353,2.5698397252287357,-1.248498060270572,-1.0104932481927111
0.1512842238207881,-0.5422298258102648,0.7913420957599957,2.5695855455981707,-1.2479596036590443,-1.0106994843038835
0.15115409404382563,-0.5427781157919883,0.7917339951332751,2.569331694289532,-1.2474217692414622,-1.0109071321732646
0.1510236352899743,-0.543325438571862,0.7921252330818378,2.5690781643431078,-1.246884540675164,-1.011116184670925
0.15089285396328256,-0.543871788879809,0.7925158054451051,2.5688249593594863,-1.2463479234221744,-1.0113266291404137
0.1507617450811325,-0.5444171534278447,0.7929057022777553,2.568572087798575,-1.245811928163632,-1.011538473754638
0.15063030808703104,-0.544961537254072,0.793294926770344,2.568319548882981,-1.2452765493464584,-1.0117517178517708
0.15049854322484268,-0.5455049418443921,0.7936834795762877,2.5680673434818413,-1.2447417848986715,-1.0119663594933888
0.15036644539577493,-0.5460473692562748,0.794071361736552,2.5678154726504205,-1.2442076311182486,-1.0121824063417664
0.15023402392140772,-0.5465888234645627,0.794458575732945,2.5675639352453654,-1.2436740854681791,-1.012399840043125
0.15010127233332238,-0.5471292894905294,0.7948451104007734,2.5673127407239633,-1.2431411599005529,-1.0126186713551122
0.14996819012664542,-0.5476687747828441,0.7952309706670722,2.5670618871229296,-1.2426088466173535,-1.0128388994352875
0.14983477154905378,-0.5482072853640436,0.7956161604143066,2.5668113736342333,-1.24207713805122,-1.0130605329528033
0.14970102855020562,-0.5487448260489449,0.7960006827526089,2.566561198436587,-1.2415460314651143,-1.0132835488403265
0.14956695397874054,-0.5492813774263864,0.7963845233357687,2.5663113732489413,-1.2410155428076481,-1.0135079591005216
0.14943254657854643,-0.5498169472753587,0.7967676873319816,2.56606189600353,-1.2404856638114037,-1.0137337642437172
0.14929780383521818,-0.5503515411359426,0.7971501783011319,2.56581276583204,-1.2399563880284301,-1.0139609671414695
0.14916273187598028,-0.5508851607476325,0.7975319971298771,2.5655639829207546,-1.239427714412263,-1.0141895552805729
0.14902733066800966,-0.5514177931559852,0.7979131341374601,2.565315555217977,-1.2388996543815018,-1.0144195275578145
0.14889159544815112,-0.5519494361349542,0.7982935873063304,2.5650674858729605,-1.2383722082902893,-1.0146508910303036
0.1487555248862411,-0.5524800982311874,0.7986733623652595,2.564819772432562,-1.2378453671277867,-1.014883646354473
0.14861911827768903,-0.5530097841496407,0.799052462295109,2.5645724142594606,-1.2373191256117664,-1.0151177931849145
0.14848238395152258,-0.5535384902912458,0.7994308841796549,2.564325413930801,-1.2367934882248515,-1.0153533151626848
0.14834531707584997,-0.5540662009453468,0.7998086163319611,2.564078781241099,-1.2362684679468643,-1.0155902196650877
0.14820790468098766,-0.5545929278504668,0.8001856667027178,2.56383251327758,-1.2357440502018422,-1.0158285281439499
0.14807016615430868,-0.5551186867738394,0.800562046350755,2.5635866020001807,-1.2352202237725152,-1.0160682041500277
0.1479320907902819,-0.555643450317403,0.8009377351634335,2.5633410635550007,-1.234697011295356,-1.016309265652501
0.14779368481414012,-0.5561672257304237,0.8013127380046319,2.5630958953691065,-1.2341744066655609,-1.0165516998359219
0.147654933924807,-0.5566900112043562,0.8016870530968871,2.5628511013535022,-1.233652407678023,-1.0167955306857188
0.14751585519855448,-0.5572118220272785,0.8020606911590051,2.562606673865317,-1.2331310031219151,-1.0170407259985854
0.1473764342657593,-0.5577326379100481,0.8024336371466196,2.5623626259723027,-1.2326102081136083,-1.017287309990487
0.14723668113733712,-0.558252472869083,0.8028059008224293,2.5621189513404654,-1.2320900110679323,-1.0175352631137295
0.14709659182720758,-0.5587713134472025,0.803177472121603,2.561875658640891,-1.231570423038409,-1.0177845909240755
0.14695616149763957,-0.5592891651705476,0.8035483546041067,2.5616327472313913,-1.2310514370374916,-1.018035300409031
0.14681539078530426,-0.5598060375433379,0.8039185547319123,2.5613902139307823,-1.2305330435822208,-1.0182873888334263
0.14667428592699938,-0.5603219272265411,0.8042880697891075,2.561148061354902,-1.2300152465657972,-1.0185408434804475
0.14653283977676024,-0.5608368247960495,0.8046568925830049,2.5609062965236724,-1.2294980525130437,-1.0187956754276284
0.14639105278805076,-0.5613507395959203,0.8050250294658601,2.5606649163415773,-1.2289814520541233,-1.0190518822826466
0.14624893245949266,-0.5618636678215718,0.8053924774035228,2.560423923518663,-1.2284654498465422,-1.0193094490469095
0.14610647659126785,-0.5623755945880856,0.8057592253198407,2.5601833273046384,-1.2279500587219025,-1.0195683778406865
0.14596367665573773,-0.5628865239746658,0.8061252757130601,2.5599431281679443,-1.2274352721633497,-1.0198286821738227
0.1458205359109268,-0.563396470139117,0.8064906384285861,2.5597033202948682,-1.226921076935565,-1.0200903547581552
0.14567705496426608,-0.5639054298387157,0.8068553107850187,2.559463906832588,-1.2264074755626297,-1.0203533928274138
0.1455332345208995,-0.564413399515263,0.8072192898760253,2.559224891078289,-1.2258944708973976,-1.0206177934104996
0.14538907214928276,-0.5649203773457429,0.8075825740158749,2.558986275799276,-1.2253820634095745,-1.0208835591159384
0.1452445763391319,-0.5654263609875432,0.807945161245176,2.558748062847184,-1.2248702566976661,-1.0211506731377697
0.1450997352362009,-0.5659313406476955,0.8083070440618325,2.5585102600141454,-1.2243590564777218,-1.0214191545792766
0.1449545512702386,-0.5664353327516187,0.8086682339522717,2.5582728603896965,-1.2238484471910618,-1.0216889977820682
0.14480902664990003,-0.5669383353213415,0.8090287291681761,2.5580358663118665,-1.2233384305821233,-1.021960197097834
0.14466316017492176,-0.5674403435460643,0.8093885258922864,2.5577992819185793,-1.222829010243021,-1.0222327528202455
0.14451694864118414,-0.567941359273531,0.8097476250792646,2.5575631082224852,-1.2223201829887016,-1.0225066689611193
0.14437040088218733,-0.5684413823864551,0.8101060263889215,2.5573273458866006,-1.2218119504629381,-1.0227819281609847
0.14422350514803695,-0.5689404033462441,0.8104637225007534,2.557092002616204,-1.221304318118935,-1.0230585491660236
0.14407626345977587,-0.5694384383664044,0.8108207247636772,2.556857071594739,-1.2207972704946815,-1.0233365272040542
0.1439286840817542,-0.5699354823747601,0.8111770292742797,2.5566225560265545,-1.2202908137983373,-1.0236158457839473
0.14378075816355018,-0.5704315237685826,0.8115326272548553,2.556388464356681,-1.219784956139433,-1.023896518358732
0.14363248594374367,-0.5709265739741202,0.81188752659871,2.556154792364646,-1.2192796861371462,-1.0241785431896318
0.14348387786349592,-0.57142062842267,0.8122417237937305,2.5559215427426856,-1.2187750101145518,-1.0244618999217545
0.1433349188094808,-0.5719136758969323,0.8125952102725438,2.5556887244875797,-1.2182709342208622,-1.024746612952275
0.14318561433554988,-0.5724057355739839,0.8129479995736637,2.555456328819386,-1.2177674410935464,-1.0250326715613975
0.14303597108980437,-0.5728967980613368,0.8133000846779703,2.5552243612987233,-1.2172645406880727,-1.0253200618533496
0.14288598144257803,-0.573386852997177,0.8136514577132266,2.5549928296489317,-1.2167622402370513,-1.025608794966777
0.14273564544135464,-0.5738759099767711,0.8140021252662129,2.5547617305665855,-1.2162605300487572,-1.025898869485796
0.14258496065929727,-0.5743639722261119,0.8143520893111811,2.5545310642660493,-1.2157594058140597,-1.0261902880638698
0.1424339309440703,-0.5748510415915126,0.8147013509008603,2.5543008309175166,-1.2152588661550134,-1.026483042262408
0.14228255837874704,-0.5753371098043425,0.81504990378227,2.5540710360468255,-1.2147589188312178,-1.02677712617141
0.1421308359078406,-0.5758221745633721,0.8153977458983359,2.553841683234116,-1.214259563567947,-1.0270725502334983
0.1419787718025458,-0.5763062414490152,0.8157448810496999,2.553612770206337,-1.2137607966337987,-1.0273692984418143
0.1418263569251712,-0.5767893026694287,0.8160913031995416,2.553384303600646,-1.2132626224040537,-1.0276673845290027
0.14167359726130435,-0.5772713672108696,0.8164370185822118,2.553156279664044,-1.2127650333282212,-1.0279667967410275
0.14152049415870938,-0.5777524257256951,0.816782020164506,2.5529287045662414,-1.2122680380308821,-1.0282675302812385
0.1413670342926796,-0.5782324808342597,0.8171263093654604,2.552701580150784,-1.2117716298773222,-1.0285696068122108
0.14121323751332548,-0.5787115427412453,0.8174698934748257,2.5524749003126854,-1.21127580387688,-1.028872990472225
0.141059087645512,-0.5791895899638562,0.8178127564990847,2.552248679597842,-1.2107805755005037,-1.029177706188202
0.14090458970107056,-0.5796666400796088,0.8181549108697417,2.552022909928489,-1.21028592880615,-1.0294837446127514
0.14074974326373546,-0.5801426888447992,0.8184963532185381,2.5517975950777325,-1.2097918671147483,-1.0297911043218564
0.14059454849497977,-0.580617734974223,0.8188370823193063,2.551572737228924,-1.209298391098231,-1.0300997830870628
0.14043900429312917,-0.5810917777869895,0.819177097367306,2.5513483384119144,-1.2088055005141625,-1.03040978092146
0.14028311600746557,-0.5815648149391038,0.8195163964417569,2.5511244006994596,-1.2083131984667925,-1.030721086439566
0.1401268753081255,-0.5820368413948492,0.8198549755060354,2.550900929275053,-1.2078214868877275,-1.0310337118579815
0.1399702870034898,-0.5825078658755054,0.820192840619578,2.550677920575595,-1.2073303582197723,-1.0313476476547174
0.13981335133759965,-0.5829778819202837,0.8205299868308042,2.5504553794321896,-1.206839818101547,-1.0316628909692152
0.13965606560440325,-0.5834468884380244,0.8208664130249437,2.55023330828695,-1.2063498662523968,-1.0319794445135584
0.1394984285617955,-0.5839148896046503,0.8212021219091463,2.550011706674393,-1.2058604977780092,-1.0322973089320484
0.13934043619326797,-0.5843818901945096,0.8215371165875354,2.549790574171797,-1.2053717064324274,-1.0326164897716985
0.13918210072577208,-0.5848478897591796,0.8218713966152054,2.5495699109472842,-1.2048834954814307,-1.032936963895359
0.13902340855258277,-0.5853128761012918,0.8222049527179758,2.5493497266002416,-1.2043958721697854,-1.0332587518330143
0.13886437222951376,-0.5857768596661408,0.8225377923248853,2.549130015604343,-1.2039088295066211,-1.0335818309397233
0.13870498044766943,-0.5862398292230516,0.8228699068903929,2.548910786775708,-1.2034223744505803,-1.0339062177698384
0.13854524267303114,-0.5867017935776917,0.8232013026238598,2.548692035818908,-1.2029365007241124,-1.03423189491941
0.13838515234427273,-0.5871627432542803,0.8235319723129564,2.548473770027841,-1.202451214951976,-1.0345588708260636
0.13822471011430615,-0.5876226852299967,0.8238619207287816,2.548255987204118,-1.20196651010812,-1.034887143181182
0.1380639213823076,-0.5880816163237066,0.8241911453756137,2.5480386897865905,-1.201482390223465,-1.0352167003805293
0.13790278093928388,-0.5885395298427556,0.8245196410717224,2.547821883456273,-1.2009988596553123,-1.0355475487252113
0.13774128044381762,-0.5889964366522251,0.8248474152737315,2.547605565183051,-1.2005159050751382,-1.0358797019121322
0.13757943191017263,-0.5894523444722002,0.8251744734631448,2.547389730822152,-1.2000335220155116,-1.0362131382178703
0.13741723461877342,-0.5899072363729371,0.8255008031308484,2.547174390781858,-1.199551725907645,-1.036547854966975
0.13725468195890267,-0.5903611127608933,0.8258264042067367,2.5469595472429543,-1.1990705139097675,-1.0368838616296356
0.13709178106499476,-0.5908139790506532,0.8261512804437157,2.5467451978970366,-1.1985898823870973,-1.0372211446415558
0.13692852731554161,-0.5912658277951267,0.8264754261284759,2.5465313487510906,-1.1981098365840996,-1.0375597090660205
0.13676491878432184,-0.5917166648472857,0.826798845200464,2.546317998496358,-1.1976303698040944,-1.0378995569960976
0.13660095513445647,-0.5921664941065978,0.8271215402133438,2.5461051466192806,-1.1971514776784393,-1.0382406875760075
0.13643664354002905,-0.5926153121424639,0.8274435085384262,2.5458927953953947,-1.1966731650785352,-1.0385830861065695
0.1362719822316274,-0.5930631078525915,0.8277647418669689,2.545680952357117,-1.196195441601167,-1.0389267521642638
0.13610696767508523,-0.5935098829048842,0.8280852410952946,2.545469618598626,-1.1957183040905053,-1.0392716900256136
0.13594159397773975,-0.593955645919987,0.8284050121117534,2.5452587918944176,-1.1952417420083616,-1.0396179089995585
0.1357758729420171,-0.5944004001254204,0.8287240571821086,2.5450484703541774,-1.1947657552631168,-1.0399653873971568
0.13560980340930007,-0.5948441289056119,0.8290423640243647,2.5448386643244127,-1.1942903589402547,-1.0403141228458381
0.13544337227201497,-0.5952868374143025,0.8293599359109951,2.5446293744155555,-1.1938155436533107,-1.0406641364742917
0.13527658459669034,-0.5957285425956873,0.8296767849297515,2.5444205924534167,-1.1933412941456303,-1.0410154201757007
0.135109449001944,-0.5961692351990677,0.8299929042831691,2.544212323520842,-1.1928676213880565,-1.0413679559268472
0.13494195864898684,-0.5966089040386913,0.8303082855285324,2.544004575931991,-1.1923945335508044,-1.041721751697653
0.1347741122563817,-0.5970475568287721,0.830622933983872,2.543797347253633,-1.1919220223348022,-1.0420768088591241
0.1346059161376587,-0.5974851929534576,0.8309368490663704,2.5435906383396105,-1.19145008975955,-1.0424331145887644
0.13443736322627187,-0.5979218067954454,0.8312500263594793,2.54338445461266,-1.1909787385707011,-1.0427906780127045
0.13426846394252623,-0.5983574007477165,0.8315624675286162,2.543178794731141,-1.1905079691797682,-1.0431494798009084
0.1340992092943063,-0.5987919652074565,0.8318741652431991,2.5429736665090537,-1.1900377875798178,-1.0435095316205223
0.13392959556584838,-0.5992255126410864,0.8321851282295873,2.5427690653306763,-1.1895681801429698,-1.0438708398248249
0.1337596328725268,-0.5996580446875822,0.8324953576110925,2.5425649902651037,-1.189099147933545,-1.0442333855652945
0.13358931086369097,-0.600089552897545,0.8328048468706601,2.5423614487268176,-1.1886306953921972,-1.0445971829242835
0.1334186370794459,-0.6005200452303652,0.8331136016679546,2.542158436801609,-1.1881628167181442,-1.0449622185236362
0.13324760663748236,-0.6009495151510068,0.8334216169646296,2.541955960086867,-1.1876955162053509,-1.0453284974697152
0.13307622878168957,-0.6013779623280651,0.8337288924533159,2.5417540187902623,-1.1872287965996267,-1.0456960020707005
0.13290449226879053,-0.6018053798850089,0.8340354227416489,2.541552619644714,-1.1867626605387476,-1.0460647480238412
0.13273239865037123,-0.6022317806821453,0.8343412169455697,2.5413517569914785,-1.186297095635895,-1.0464347330506303
0.1325599565786968,-0.602657159851926,0.8346462714709633,2.541151433509254,-1.1858321088522288,-1.0468059396715625
0.1323871580475262,-0.6030815086482658,0.8349505796290972,2.5409516564481476,-1.1853677056393077,-1.047178377682302
0.13221400113071846,-0.6035048369581079,0.8352541483297502,2.540752422230541,-1.184903875378528,-1.0475520501783722
0.13204049820533825,-0.6039271419582208,0.8355569755307632,2.5405537318616593,-1.184440624282032,-1.0479269338032229
0.13186663775436536,-0.6043484124322392,0.8358590526945711,2.540355594451868,-1.183977959066769,-1.048303043645442
0.13169241946002996,-0.604768661531461,0.8361603891295188,2.540158004419167,-1.1835158664684675,-1.0486803808071847
0.13151785356440948,-0.6051878861294537,0.8364609825437501,2.5399609632299214,-1.1830543523500396,-1.0490589254777332
0.13134292572242723,-0.6056060796133811,0.8367608276846243,2.5397644779893813,-1.1825934180466455,-1.049438698289161
0.13116764930753844,-0.6060232519013566,0.8370599317702236,2.5395685427005055,-1.182133057835676,-1.0498196768835892
0.1309920144139176,-0.6064393923939755,0.8373582867402036,2.539373165919762,-1.1816732783318487,-1.0502018735708611
0.13081602480800836,-0.6068545096516186,0.8376558986620983,2.539178343841228,-1.1812140720295758,-1.050585281836392
0.1306396875701723,-0.6072685960220281,0.8379527619195049,2.538984080803948,-1.1807554482164926,-1.0509698861925931
0.13046298760819441,-0.6076816488796015,0.8382488741363594,2.5387903819226803,-1.1802974040858702,-1.0513557091642738
0.13028593545714706,-0.6080936812404827,0.8385442447398281,2.5385972399152004,-1.17983993003276,-1.0517427340368262
0.13010853042276294,-0.6085046819019699,0.838838865403722,2.538404662230406,-1.1793830362665194,-1.0521309574493736
0.12993076913810775,-0.6089146511673962,0.8391327360919965,2.5382126505717593,-1.1789267209661893,-1.05252038301109
0.12975265665824054,-0.6093235903136667,0.839425857631606,2.538021204782304,-1.178470984143083,-1.0529110005693998
0.12957419237242007,-0.6097314931099396,0.8397182253047335,2.537830329629157,-1.178015831236895,-1.0533028076373498
0.1293953639620411,-0.6101383657814237,0.8400098432049683,2.537640025053921,-1.1775612517017768,-1.053695824024942
0.12921618923612366,-0.6105442149954827,0.8403007163122216,2.537450285938465,-1.1771072445615822,-1.054090019796668
0.1290366591811516,-0.6109490240215764,0.8405908321434019,2.5372611240366907,-1.1766538226706686,-1.0544854038174372
0.12885678126822642,-0.6113527967475177,0.8408801934743897,2.537072537362253,-1.1762009843546823,-1.054881962590024
0.12867654289719388,-0.6117555312493658,0.8411687984893987,2.536884530288079,-1.1757487268688858,-1.055279714368317
0.12849594631838412,-0.6121572415217374,0.8414566571977975,2.536697096207378,-1.1752970369416962,-1.0556786568611587
0.12831500094440607,-0.6125579217752424,0.8417437654033817,2.5365102380014735,-1.1748459229727086,-1.0560787711021895
0.12813369630358729,-0.6129575647036765,0.842030117430498,2.5363239626048175,-1.1743953881481366,-1.0564800704232926
0.1279520416437152,-0.6133561766132429,0.8423157178551923,2.536138266384928,-1.1739454290623266,-1.0568825391839736
0.12777003734146053,-0.6137537467398334,0.8426005587050356,2.535953156370657,-1.1734960559555265,-1.0572861719094069
0.12758767305481156,-0.6141502781832463,0.8428846418556897,2.535768633861661,-1.1730472619091108,-1.0576909842973259
0.12740496009231483,-0.6145457777435499,0.8431679722892702,2.53558469458489,-1.1725990437637421,-1.0580969575575152
0.12722188327054829,-0.6149402409194804,0.8434505462758524,2.535401344749124,-1.1721514003347362,-1.0585041133038258
0.1270384618706566,-0.6153336745345463,0.8437323689764775,2.535218578719718,-1.1717043311862407,-1.0589124198133966
0.12685468595842986,-0.6157260616309141,0.8440134277293199,2.5350364085857726,-1.1712578491006636,-1.0593218866105014
0.1266705575307121,-0.6161174099514387,0.8442937280273908,2.534854831068084,-1.1708119468395284,-1.0597325104881712
0.1264860740514444,-0.6165077196551075,0.8445732697741164,2.5346738477480466,-1.170366623005296,-1.0601442935631387
0.12630123806046845,-0.6168969922112765,0.8448520539260755,2.534493458640149,-1.169921876674475,-1.0605572300589363
0.12611605077586274,-0.6172852239787804,0.8451300777074331,2.5343136667480315,-1.1694777114721124,-1.0609713148948134
0.1259305064210574,-0.6176724158477825,0.8454073414917853,2.534134473791667,-1.1690341241600248,-1.0613865556480224
0.12574461213711619,-0.6180585707195272,0.8456838473728916,2.533955878207555,-1.1685911140286935,-1.0618029395257116
0.1255583670142184,-0.6184436809898076,0.8459595896610232,2.533777885501391,-1.1681486878603446,-1.0622204636933346
0.12537176853591703,-0.6188277476538785,0.8462345688759214,2.533600496773041,-1.1677068434557536,-1.0626391304405398
0.12518481517569668,-0.6192107744928403,0.8465087875808033,2.533423711432057,-1.167265576224488,-1.063058941315929
0.12499751169294271,-0.6195927611627889,0.8467822454746705,2.5332475300516735,-1.1668248878325362,-1.0634798864748272
0.12480985351466334,-0.6199737044014135,0.8470549399497784,2.5330719563907635,-1.166384779526355,-1.0639019702345698
0.12462184247955088,-0.6203536077845893,0.8473268734944095,2.532896989373689,-1.1659452481045207,-1.0643251886929814
0.12443349217624267,-0.6207324623260982,0.8475980397214458,2.53272263274023,-1.1655063068845137,-1.0647495150697106
0.12424477911835963,-0.6211102635907764,0.8478684347859264,2.5325488941592296,-1.1650679515629767,-1.0651749836210123
0.12405571563145745,-0.6214870308366668,0.8481380727828758,2.5323757621496905,-1.1646301672650055,-1.0656015786720583
0.12386630061044146,-0.6218627536472687,0.8484069459890096,2.532203243762346,-1.1641929635045147,-1.0660292965948646
0.12367653221904407,-0.6222374324235911,0.8486750545206854,2.532031340262045,-1.163756338905064,-1.066458138408648
0.1234864205991979,-0.6226110637479207,0.8489423959729132,2.5318600528996744,-1.1633203001521841,-1.0668880846843074
0.12329595459086651,-0.6229836416270489,0.8492089656275912,2.531689388066527,-1.1628848488315586,-1.0673191491709464
0.12310513549176649,-0.623355176759224,0.8494747711483783,2.5315193408243215,-1.1624499745580346,-1.067751331340498
0.12291396314432967,-0.6237256693455856,0.8497398125480409,2.5313499122311134,-1.1620156767549572,-1.0681846294852397
0.12272244288184231,-0.6240951166172118,0.8500040877999204,2.5311811039952405,-1.1615819597685346,-1.068619032119865
0.12253057751931662,-0.6244635107042431,0.8502675911216775,2.5310129210617656,-1.1611488320866192,-1.0690545299563075
0.12233836418392263,-0.624830848808391,0.8505303202951731,2.5308453666012394,-1.1607162951425507,-1.0694911244738199
0.12214579676361836,-0.6251971368359361,0.8507922793566571,2.5306784395809894,-1.1602843405872596,-1.0699288253828143
0.12195288459190845,-0.6255623773173116,0.8510534702210313,2.5305121380540303,-1.1598529690332853,-1.0703676167420193
0.12175961443410488,-0.625926567477832,0.8513138904701929,2.5303464670247258,-1.1594221780846763,-1.0708075164507942
0.12156600215669622,-0.6262897126619261,0.8515735442073393,2.530181421802435,-1.158991967980226,-1.0712484993410378
0.12137204215654007,-0.6266517996097377,0.8518324215635809,2.5300170117846243,-1.1585623494997133,-1.0716905672991213
0.12117772855125342,-0.6270128353692611,0.8520905274168644,2.5298532352454473,-1.1581333132234426,-1.0721337301520322
0.12098306938440118,-0.6273728229480988,0.8523478640119606,2.5296900901541224,-1.1577048588574226,-1.0725779743257984
0.12078806160508915,-0.6277317558576362,0.852604426457146,2.529527581715602,-1.1572769914250964,-1.0730233001042666
0.120592699217827,-0.6280896394348352,0.8528602183894018,2.5293657091516506,-1.1568497031352023,-1.0734697169112986
0.1203969983801918,-0.6284464722336605,0.8531152390004637,2.5292044713738786,-1.156423001149421,-1.0739171968062544
0.12020094094059397,-0.6288022466778157,0.8533694822833517,2.5290438769431924,-1.1559968859619798,-1.074365763207215
0.12000455024110224,-0.6291569683197528,0.853622952676397,2.528883919564169,-1.1555713605119586,-1.0748153797222766
0.11980780834182259,-0.6295106232681527,0.8538756395897424,2.5287246112546558,-1.1551464316444826,-1.075266066748758
0.11961071594476902,-0.6298632276090237,0.8541275546251459,2.5285659440392383,-1.1547220833840457,-1.0757178276014436
0.11941327632099874,-0.6302147811723006,0.8543786976302283,2.5284079184412076,-1.1542983168601961,-1.0761706551055266
0.1192154944019359,-0.6305652780358857,0.8546290643110557,2.528250537849173,-1.153875139564125,-1.0766245371258343
0.11901737001680734,-0.6309147125083965,0.8548786504304484,2.528093806465659,-1.1534525568581033,-1.0770794694955848
0.11881889405740198,-0.6312630887126165,0.8551274586872926,2.5279377247209345,-1.1530305609568032,-1.077535466008154
0.11862007713202516,-0.6316104108995436,0.8553754923118957,2.527782289289462,-1.1526091513957002,-1.077992509986982
0.11842090545441453,-0.6319566761506896,0.8556227487842718,2.527627505371844,-1.1521883256063534,-1.078450619502741
0.11822139518459895,-0.6323018894477115,0.8558692319936787,2.5274733681711967,-1.1517680845169074,-1.078909769720897
0.11802154058879655,-0.632646038467149,0.8561149327657191,2.5273198865906004,-1.151348438008273,-1.0793699620977615
0.11782134074769557,-0.6329891277135868,0.8563598542661262,2.5271670592883795,-1.150929381008718,-1.0798311979665296
0.11762080088369586,-0.6333311560833043,0.8566039957232472,2.5270148868678626,-1.1505109163940794,-1.0802934667614048
0.11741991668368046,-0.6336721206161238,0.8568473548038926,2.5268633727611145,-1.150093045252618,-1.0807567717353443
0.11721868538738178,-0.6340120265582719,0.8570899351764067,2.526712515542673,-1.149675761057341,-1.0812211174514754
0.11701711655311264,-0.6343508724548576,0.8573317359168078,2.5265623151599717,-1.1492590687201407,-1.0816864865906561
0.11681520237386689,-0.6346886529731031,0.8575727528922252,2.5264127770203593,-1.1488429703594303,-1.0821528866002128
0.11661294398332434,-0.635025374368821,0.8578129905976977,2.5262638983715573,-1.1484274599341513,-1.0826203166261614
0.1164103432654966,-0.6353610354627616,0.8580524481416019,2.5261156804480005,-1.1480125391393148,-1.0830887712386559
0.11620740079299718,-0.6356956340913261,0.8582911238885851,2.5259681252767865,-1.1475982101569506,-1.083558246533334
0.11600412442979602,-0.6360291655842302,0.8585290145480275,2.525821234871253,-1.1471844805329827,-1.0840287262867314
0.11580050617493098,-0.6363616261534729,0.8587661171115499,2.5256750138062474,-1.1467713507722364,-1.08450021875019
0.11559654760202509,-0.6366930221202735,0.8590024361404356,2.5255294591642423,-1.1463588149518233,-1.084972722564218
0.11539224654950164,-0.6370233539901677,0.859237971883728,2.5253845719883374,-1.1459468715244667,-1.0854462392322017
0.1151876047782916,-0.6373526230181307,0.8594727252265755,2.525240352134998,-1.1455355197221782,-1.085920764715404
0.1149826216188865,-0.637680828152449,0.8597066953227839,2.525096801214539,-1.1451247601467445,-1.0863962975051604
0.11477729950883608,-0.6380079687463743,0.8599398816933999,2.5249539199983437,-1.1447145942181738,-1.086872831608236
0.11457164177099122,-0.6383340409699286,0.860172281566705,2.524811710855768,-1.1443050269234751,-1.0873503580691346
0.11436563939255917,-0.6386590459490699,0.8604038954925697,2.5246701757970778,-1.143896053395599,-1.0878288889802727
0.11415930575159239,-0.6389829854120411,0.8606347249761002,2.52452931209149,-1.1434876770023075,-1.0883084031900772
0.11395263543386847,-0.6393058504271015,0.8608647633385451,2.5243891266628684,-1.1430799044503195,-1.0887889021001966
0.11374562151482381,-0.6396276483245816,0.8610940156938196,2.5242496176255442,-1.1426727254271831,-1.089270397901102
0.11353827362039981,-0.6399483814599736,0.8613224839222551,2.524110782600756,-1.14226614120472,-1.0897528755189192
0.11333059009491997,-0.6402680425727458,0.8615501626511533,2.5239726268239733,-1.1418601583009056,-1.090236331522049
0.11312256699761392,-0.6405866343557585,0.8617770536950853,2.5238351503997,-1.1414547722624626,-1.0907207712238078
0.11291420865385637,-0.6409041585623473,0.8620031583787702,2.5236983523076257,-1.1410499828815472,-1.0912061871882932
0.11270552213019691,-0.6412206083507568,0.8622284718410995,2.523562235793918,-1.1406457997680355,-1.0916925631686065
0.11249649394954497,-0.6415359836157143,0.8624529936435663,2.523426804423555,-1.1402422174836064,-1.0921799170089286
0.11228713216782804,-0.6418502921353026,0.8626767295848734,2.523292053016879,-1.1398392312261751,-1.092668239216316
0.11207743693899941,-0.6421635279665889,0.8628996753009415,2.5231579856790303,-1.1394368469390377,-1.0931575242234364
0.1118674113265139,-0.6424756890189389,0.8631218292992302,2.52302460375781,-1.1390350678451546,-1.093647764327411
0.11165705547284244,-0.6427867726212437,0.8633431895981438,2.522891909508761,-1.1386338965907403,-1.0941389557556251
0.11144637009939196,-0.643096778248433,0.8635637557921312,2.5227599038561914,-1.138233333882662,-1.0946310951174065
0.11123534431470672,-0.643405710691355,0.8637835310713498,2.522628587078196,-1.1378333703050576,-1.0951241991713538
0.11102399380386618,-0.643713572129236,0.8640025173516617,2.5224979555251648,-1.1374340098743032,-1.0956182443499878
0.11081230615882642,-0.6440203559752425,0.8642207095136465,2.5223680161858737,-1.1370352541280477,-1.0961132428215858
0.11060029103700586,-0.6443260672891231,0.8644381114303963,2.5222387649874847,-1.1366371017215133,-1.0966091816210217
0.11038795012422575,-0.6446306981178568,0.8646547173229497,2.5221102068091277,-1.1362395613424907,-1.0971060514634345
0.11017527695820473,-0.6449342495926532,0.8648705278299058,2.521982343067937,-1.1358426290922112,-1.097603860399307
0.10996227238984613,-0.6452367268587816,0.8650855466838174,2.521855171411447,-1.135446299951264,-1.0981026084283592
0.10974893900256477,-0.6455381287151054,0.8652997730428029,2.5217286927055675,-1.135050576091491,-1.0986022891242448
0.10953527379186756,-0.6458384545869332,0.8655132063900126,2.5216029086052387,-1.1346554567544223,-1.0991029045092766
0.10932128393890528,-0.6461377036022221,0.865725846234755,2.5214778188254923,-1.1342609456817152,-1.099604441750491
0.10910696722745516,-0.6464358712742502,0.8659376892356505,2.521353427057287,-1.1338670464598983,-1.1001068991686669
0.10889232858311448,-0.6467329568396895,0.8661487349308019,2.5212297334006952,-1.1334737618209167,-1.1006102672166924
0.10867735559114688,-0.6470289624661145,0.8663589845805078,2.5211067398889777,-1.1330810843184507,-1.1011145630959522
0.10846206354418797,-0.6473238910532141,0.8665684406368386,2.5209844423749246,-1.1326890172187125,-1.101619764961793
0.10824644495668068,-0.6476177348189677,0.8667770972411022,2.520862847492485,-1.1322975653270768,-1.1021258763108275
0.10803050407085912,-0.6479104970558872,0.866984956871772,2.5207419531503814,-1.131906726948229,-1.1026328913555874
0.10781423201194107,-0.6482021792191706,0.8671920203597816,2.5206217610346866,-1.1315164968090399,-1.1031408217273908
0.10759763886052598,-0.6484927837082844,0.8673982896757444,2.5205022683174945,-1.1311268765563607,-1.10364965289311
0.1073807219829579,-0.6487823045921549,0.8676037604280489,2.5203834795544715,-1.1307378711234977,-1.1041593825319065
0.10716348983972424,-0.6490707396574847,0.867808431195884,2.5202653948507594,-1.1303494862710821,-1.1046699951988581
0.10694592746995513,-0.6493580896008295,0.8680123021180433,2.5201480175896376,-1.1299617149543535,-1.1051815104557812
0.10672804499627198,-0.6496443611586941,0.8682153783275952,2.5200313424233505,-1.1295745543947338,-1.1056939169748425
0.10650985018154291,-0.6499295441632751,0.8684176526041272,2.5199153740929505,-1.1291880183028447,-1.1062071946396992
0.10629133176694117,-0.6502136375152195,0.8686191238718326,2.5198001162118917,-1.1288021030379887,-1.1067213563887086
0.10607248894899257,-0.6504966499793929,0.868819798482718,2.519685564561691,-1.1284167991370047,-1.1072364078179002
0.10585332856275587,-0.6507785800200874,0.8690196754786079,2.51957171914747,-1.1280321110129197,-1.1077523363964128
0.10563385073958687,-0.6510594227865371,0.8692187513304548,2.5194585832805494,-1.1276480437005165,-1.108269136402595
0.10541405725027708,-0.651339177263455,0.8694170253403639,2.51934615773138,-1.1272645989662482,-1.1087868026681782
0.10519394884942646,-0.6516178420842264,0.8696144965318284,2.5192344436800913,-1.126881778518857,-1.1093053311504322
0.10497351698069357,-0.6518954207912876,0.8698111672780713,2.519123441500595,-1.126499575008439,-1.1098247344243166
0.10475277255731896,-0.6521719150290454,0.8700070390392818,2.5190131484593494,-1.1261179913252268,-1.110344996852523
0.104531714146745,-0.652447318253289,0.8702021070234407,2.5189035691377497,-1.1257370336402863,-1.1108661133703255
0.10431033705022008,-0.6527216333551349,0.8703963732261291,2.5187947034339335,-1.1253566969144124,-1.111388090751627
0.10408865163529812,-0.6529948594580501,0.8705898372644856,2.518686550133758,-1.1249769864673682,-1.1119109122170063
0.10386664717783445,-0.6532669945178295,0.8707824974013452,2.5185791132449356,-1.1245978998259143,-1.1124345888121254
0.10364433482862356,-0.653538041002418,0.8709743557085483,2.5184723894502454,-1.1242194391746885,-1.1129591054546444
0.10342170410274631,-0.6538079965587705,0.8711654102323969,2.518366382876601,-1.1238416024585034,-1.1134844725295803
0.10319876187565757,-0.6540768652919382,0.8713556641356637,2.518261090177162,-1.1234643883197668,-1.1140106822310498
0.10297551139497996,-0.6543446417847464,0.871545113567668,2.5181565142301077,-1.1230878038155032,-1.1145377237737175
0.10275195213804578,-0.6546113240399286,0.8717337570765782,2.518052656772561,-1.1227118508176572,-1.115065594243694
0.10252808473533737,-0.6548769123369484,0.8719215948958632,2.517949517979121,-1.1223365293142948,-1.1155942910874008
0.10230390047232518,-0.6551414104729861,0.872108629594786,2.517847098052958,-1.1219618315549742,-1.1161238273148142
0.10207941640250029,-0.6554048172125713,0.8722948607016088,2.5177453944133563,-1.1215877662153586,-1.1166541772039613
0.10185461594037193,-0.6556671290536059,0.8724802852888085,2.517644413167892,-1.1212143298018644,-1.1171853578862554
0.1016295148247024,-0.6559283498403614,0.8726649065509338,2.5175441490855746,-1.1208415251067771,-1.117717349937273
0.10140410754246965,-0.6561884725627016,0.8728487192769911,2.517444607839361,-1.120469357140786,-1.1182501525171058
0.10117839370893567,-0.6564475007623367,0.8730317260565146,2.517345787909115,-1.120097822028789,-1.1187837673779975
0.10095237265964041,-0.656705435576727,0.8732139277244286,2.5172476892093987,-1.1197269182997962,-1.11931819453375
0.10072604250032624,-0.6569622786514493,0.8733953254568916,2.5171503116287526,-1.1193566434027642,-1.1198534361192354
0.10049941015506514,-0.6572180285914648,0.8735759184311491,2.5170536548338185,-1.1189870018524657,-1.120389479924385
0.10027247807327555,-0.6574726803084652,0.8737557030317276,2.51695772159994,-1.1186180001386108,-1.1209263161152598
0.10004524535440318,-0.6577262327325375,0.8739346784870174,2.5168625131317306,-1.118249639047723,-1.121463942920214
0.09981771302165887,-0.6579786863074418,0.8741128451737947,2.5167680293258057,-1.117881918607519,-1.1220023574950706
0.09958986896499944,-0.6582300460223757,0.8742902064610485,2.5166742703973553,-1.1175148282424119,-1.1225415784296167
0.09936172979578517,-0.658480312694708,0.874466763373297,2.5165812325163706,-1.117148374411604,-1.1230815832285013
0.09913329516386948,-0.6587294769623967,0.8746425091255343,2.516488921511675,-1.1167825669704925,-1.123622361311054
0.09890456575105588,-0.6589775385639783,0.8748174435780101,2.5163973377298627,-1.1164174065706909,-1.1241639095737093
0.09867553272584928,-0.6592245012697246,0.8749915692964514,2.516306481331284,-1.1160528853618408,-1.1247062411474067
0.09844620700503048,-0.6594703662381313,0.8751648874211275,2.5162163495172525,-1.1156890069846674,-1.1252493413844045
0.09821657214866208,-0.6597151345257853,0.8753373983641635,2.5161269457260893,-1.1153257630917641,-1.125793230424759
0.09798664372974208,-0.6599588094278012,0.8755091049330197,2.5160382648473996,-1.1149631570952572,-1.1263378900919212
0.09775642142708385,-0.6602013826999387,0.8756800011639312,2.515950312027646,-1.114601197735908,-1.126883310421995
0.09752590941255157,-0.6604428526759936,0.8758500859856633,2.5158630875844064,-1.11423988873256,-1.1274294824915478
0.09729509671131709,-0.6606832219285393,0.8760193610485585,2.5157765928268683,-1.1138792225294563,-1.1279764208932503
0.09706399773829633,-0.6609224911256254,0.8761878272255306,2.5156908243688236,-1.113519204894455,-1.128524106420454
0.0968326053617754,-0.6611606556692742,0.8763554810468168,2.515605786780943,-1.1131598376826533,-1.1290725411244324
0.09660092052678593,-0.6613977192612558,0.8765223252717216,2.5155214779775252,-1.1128011174189825,-1.1296217259491845
0.09636894061843293,-0.6616336830734907,0.8766883607360758,2.5154378981457133,-1.112443041751454,-1.1301716635761978
0.09613667546769378,-0.6618685449001187,0.8768535861173188,2.5153550465638324,-1.1120856175349128,-1.1307223375693225
0.09590412250284297,-0.6621023007824633,0.8770179985241864,2.515272926367698,-1.1117288479962792,-1.131273744758176
0.09567128314668238,-0.6623349517402557,0.877181598781227,2.5151915368798954,-1.1113727327786698,-1.1318258826227414
0.09543815025983537,-0.6625665004395183,0.8773443887072703,2.515110878436221,-1.111017265895963,-1.1323787610502374
0.09520473444826338,-0.6627969468417462,0.8775063685775448,2.515030948834576,-1.1106624522436543,-1.1329323652351058
0.09497103593491207,-0.663026285709156,0.8776675346419696,2.5149517512838004,-1.110308297719412,-1.1334866869079858
0.09473704410312767,-0.6632545214256947,0.8778278898890419,2.514873285910451,-1.10995479289989,-1.1340417421621212
0.09450277362155513,-0.6634816541322601,0.8779874348231012,2.514795549429309,-1.1096019443368306,-1.134597511662283
0.09426821316000034,-0.6637076813282388,0.8781461674135964,2.5147185461271606,-1.10924974976341,-1.135154004134076
0.09403337892648489,-0.6639326025029181,0.8783040877290711,2.514642272711971,-1.1088982171666644,-1.1357111977076526
0.09379825851215084,-0.664156414921087,0.8784611935456783,2.514566733852514,-1.1085473440667217,-1.1362691018805158
0.09356286058717966,-0.6643791216173499,0.87861748733203,2.514491925926795,-1.108197131193884,-1.1368277082272351
0.09332718143952379,-0.664600720371028,0.8787729674460136,2.5144178512630404,-1.1078475794346447,-1.1373870164595068
0.09309121971391798,-0.6648212138867008,0.8789276358815132,2.514344508759682,-1.107498685341597,-1.1379470297120855
0.0928549792261033,-0.6650406018444414,0.8790814925570727,2.5142718978570207,-1.1071504511217933,-1.1385077412668145
0.09261846387956174,-0.665258881245086,0.8792345354472948,2.5142000195289285,-1.1068028819819353,-1.139069140826114
0.09238166485909938,-0.6654760540247378,0.8793867658151955,2.514128874856472,-1.1064559719320002,-1.1396312392663364
0.09214459285760279,-0.6656921206508395,0.8795381843152952,2.5140584611696015,-1.106109725450461,-1.1401940230005
0.09190724822580787,-0.6659070763833472,0.879688787576983,2.5139887812748314,-1.1057641480832734,-1.1407574834194103
0.0916696317740171,-0.6661209210051232,0.8798385755275149,2.5139198352176697,-1.1054192406072756,-1.1413216173530525
0.09143173485919665,-0.666333658009076,0.879987550569362,2.513851623107054,-1.1050749953777632,-1.1418864375073923
0.09119356817306912,-0.6665452877612108,0.8801357132857159,2.513784142285228,-1.1047314170105502,-1.14245193040758
0.09095513210454875,-0.6667558056743869,0.8802830604223133,2.513717395434921,-1.1043885109428653,-1.143018087344691
0.09071641968625066,-0.6669652145701361,0.8804295939360696,2.5136513826424927,-1.104046271026567,-1.1435849182036337
0.09047743986064694,-0.6671735146561086,0.8805753142561641,2.513586101724878,-1.103704701277937,-1.1441524114129207
0.09023819311864623,-0.6673807022147823,0.8807202187655232,2.5135215548113248,-1.1033638062461144,-1.144720559180176
0.08999868029800995,-0.6675867770421581,0.8808643074077698,2.5134577418778004,-1.103023586732448,-1.1452893583251502
0.08975889277492666,-0.667791742579183,0.8810075825552364,2.51339466301983,-1.1026840351185176,-1.1458588214952008
0.08951884123890119,-0.66799559901841,0.8811500446687379,2.5133323155994804,-1.1023451562558542,-1.1464289354146633
0.08927852614402587,-0.6681983420371314,0.8812916906950456,2.5132707020849807,-1.1020069553940814,-1.146999691198739
0.08903794834342005,-0.6683999714389149,0.8814325205869968,2.51320982241271,-1.1016694333484784,-1.1475710856606647
0.08879710869401647,-0.668600487029626,0.881572534300008,2.5131496765088994,-1.1013325909372833,-1.148143115613136
0.08855600805641473,-0.6687998886161324,0.8817117317911176,2.5130902642905277,-1.1009964289832483,-1.1487157778649777
0.08831463070071521,-0.6689981822962315,0.8818501172042632,2.513031585972104,-1.1006609335537394,-1.1492890968934062
0.08807299469156549,-0.6691953682928269,0.8819876911935061,2.5129736370402216,-1.1003261128721344,-1.149863052140383
0.0878311002646539,-0.6693914395732968,0.8821244487401452,2.512916421580224,-1.0999919752227487,-1.150437630194451
0.08758894829581498,-0.669586395954123,0.8822603898117416,2.5128599394683246,-1.0996585214397565,-1.1510128278624348
0.08734653966452077,-0.6697802372533178,0.8823955143778224,2.5128041905711758,-1.0993257523611932,-1.1515886419485073
0.08710387525393859,-0.6699729632911984,0.882529822410441,2.512749174745357,-1.0989936688280226,-1.152165069256133
0.08686095595093724,-0.6701645738906632,0.8826633138843665,2.512694891837204,-1.0986622716838024,-1.1527421065887518
0.08661778264600573,-0.6703550688764887,0.8827959887765653,2.5126413416832882,-1.0983315617755183,-1.15331975074796
0.08637434593709425,-0.6705444518925335,0.8829278496026656,2.5125885243697885,-1.0980015308087863,-1.1538980156240912
0.08613065734730307,-0.6707327227954396,0.8830588966036861,2.512536437089451,-1.0976721844797177,-1.1544768875005402
0.08588671742837928,-0.6709198774820863,0.8831891269024279,2.51248508207244,-1.0973435280008939,-1.1550563566533816
0.08564252708528475,-0.6711059157854115,0.8833185404850465,2.512434459115932,-1.0970155622322715,-1.155636419877903
0.08539808722678455,-0.6712908375432379,0.8834471373420425,2.51238456800541,-1.096688288033609,-1.1562170739750852
0.08515339876495842,-0.6714746425930755,0.8835749174644665,2.5123354085181226,-1.0963617062706865,-1.1567983157383361
0.08490846261558227,-0.6716573307765609,0.8837018808471457,2.512286980420157,-1.0960358178099816,-1.1573801419647747
0.0846632796979363,-0.671838901937532,0.8838280274872723,2.5122392834677285,-1.0957106235209677,-1.157962549450306
0.0844178509347242,-0.672019355921315,0.8839533573838754,2.512192317407666,-1.0953861242769651,-1.1585455349877758
0.08417217725228276,-0.6721986925773522,0.884077870539727,2.512146081975694,-1.0950623209519788,-1.1591290953736504
0.08392625958028566,-0.6723769117559741,0.8842015669589838,2.5121005768985714,-1.0947392144245698,-1.159713227399752
0.08368009885191885,-0.6725540133106869,0.8843244466488422,2.512055801892605,-1.0944168055750982,-1.1602979278590808
0.08343369600378603,-0.6727299970972713,0.8844465096188769,2.512011756664253,-1.094095095286798,-1.1608831935434887
0.08318705197600984,-0.6729048629752309,0.8845677558820815,2.511968440909199,-1.093774084444033,-1.161469021247351
0.08294016771196633,-0.6730786108048319,0.884688185452712,2.5119258543142973,-1.0934537739358416,-1.1620554077599847
0.08269304415849144,-0.6732512404498328,0.8848077983482612,2.511883996555809,-1.093134164652653,-1.1626423498726013
0.08244568226583437,-0.6734227517771612,0.8849265945892144,2.5118428672996314,-1.0928152574866623,-1.1632298443774522
0.08219808298752618,-0.673593144655546,0.8850445741980475,2.5118024662022025,-1.0924970533334726,-1.163817888064318
0.08195024728041478,-0.6737624189561672,0.8851617371996925,2.5117627929100945,-1.0921795530913025,-1.1644064777221363
0.08170217610475561,-0.6739305745540822,0.8852780836225618,2.51172384705911,-1.0918627576592597,-1.1649956101426395
0.08145387042402552,-0.6740976113261068,0.885393613497004,2.51168562827567,-1.091546667939886,-1.1655852821149
0.0812053312049561,-0.6742635291514792,0.8855083268557764,2.5116481361763987,-1.0912312848383463,-1.1661754904270165
0.08095655941764424,-0.6744283279135843,0.8856222237352869,2.511611370367035,-1.090916609260346,-1.1667662318704979
0.08070755603529056,-0.6745920074967668,0.8857353041732767,2.5115753304444968,-1.0906026421159571,-1.1673575032320862
0.08045832203446945,-0.6747545677902042,0.8858475682116165,2.5115400159944175,-1.0902893843149444,-1.1679493013036515
0.08020885839476533,-0.6749160086832995,0.8859590158929609,2.511505426594111,-1.0899768367723097,-1.168541622870374
0.07995916609918385,-0.6750763300715099,0.8860696472649638,2.5114715618088677,-1.0896650004012507,-1.1691344647256459
0.07970924613365282,-0.6752355318498257,0.8861794623755452,2.5114384211961336,-1.0893538761210224,-1.1697278236543494
0.07945909948740226,-0.6753936139182971,0.886288461276886,2.5114060043020063,-1.0890434648502525,-1.170321696446994
0.07920872715277083,-0.675550576179626,0.8863966440236748,2.5113743106627937,-1.088733767509842,-1.1709160798935254
0.07895813012512276,-0.6757064185382974,0.8865040106724726,2.5113433398055753,-1.0884247850240025,-1.171510970781077
0.0787073094029962,-0.6758611409029758,0.8866105612834376,2.511313091246711,-1.0881165183173493,-1.1721063659000956
0.07845626598796862,-0.6760147431848936,0.8867162959191512,2.5112835644928775,-1.0878089683168402,-1.1727022620401872
0.07820500088460847,-0.6761672252974413,0.8868212146443128,2.5112547590413454,-1.0875021359522592,-1.1732986559890421
0.07795351510059101,-0.6763185871581767,0.8869253175271865,2.511226674378738,-1.0871960221537758,-1.1738955445375754
0.07770180964658824,-0.6764688286875322,0.8870286046386546,2.5111993099818646,-1.0868906278534973,-1.174492924476586
0.07744988553617471,-0.6766179498077058,0.8871310760514111,2.511172665318432,-1.086585953986801,-1.1750907925938894
0.07719774378602517,-0.6767659504459899,0.8872327318423565,2.5111467398449903,-1.086282001488289,-1.1756891456828529
0.07694538541561036,-0.6769128305304352,0.8873335720894593,2.5111215330096526,-1.0859787712970326,-1.176287980531226
0.07669281144749052,-0.67705858999475,0.8874335968752849,2.511097044249075,-1.085676264350621,-1.1768872939337205
0.07644002290694552,-0.6772032287728356,0.8875328062830397,2.511073272991865,-1.0853744815917734,-1.1774870826779456
0.07618702082233586,-0.6773467468048407,0.8876312004009383,2.5110502186548556,-1.0850734239609898,-1.1780873435599426
0.07593380622470658,-0.6774891440312095,0.8877287793178947,2.5110278806468087,-1.0847730924037498,-1.1786880733688792
0.07568038014808698,-0.6776304203978446,0.8878255431272435,2.511006258365247,-1.0844734878642412,-1.1792892689002956
0.07542674362922863,-0.6777705758522238,0.8879214919239264,2.510985351198876,-1.084174611290062,-1.1798909269461035
0.07517289770771152,-0.6779096103454655,0.8880166258059781,2.5109651585263277,-1.083876463629696,-1.1804930442998787
0.07491884342599153,-0.6780475238336007,0.8881109448754305,2.5109456797154137,-1.0835790458309538,-1.1810956177601235
0.07466458182907232,-0.6781843162722505,0.8882044492344723,2.510926914126398,-1.083282358847433,-1.1816986441165385
0.07441011396489872,-0.6783199876238826,0.8882971389906671,2.510908861107592,-1.0829864036296786,-1.1823021201686974
0.0741554408840539,-0.6784545378528991,0.8883890142534092,2.510891519998374,-1.082691181131143,-1.182906042713373
0.07390056363976916,-0.6785879669261885,0.8884800751343085,2.510874890128875,-1.0823966923075048,-1.183510408545951
0.07364548328800335,-0.6787202748149405,0.888570321748495,2.510858970818898,-1.0821029381144427,-1.1841152144650748
0.07339020088738568,-0.678851461494097,0.8886597542142116,2.510843761378283,-1.0818099195082902,-1.1847204572712307
0.07313471749909839,-0.678981526940507,0.8887483726514791,2.5108292611080416,-1.0815176374482722,-1.185326133761959
0.07287903418698738,-0.6791104711355048,0.8888361771839426,2.5108154692988265,-1.0812260928933461,-1.185932240738498
0.07262315201747516,-0.6792382940636462,0.888923167937957,2.510802385231718,-1.0809352868037263,-1.1865387750025043
0.07236707205954795,-0.6793649957129503,0.8890093450427496,2.5107900081781067,-1.0806452201405778,-1.1871457333566617
0.07211079538471088,-0.6794905760744041,0.8890947086300582,2.5107783374000103,-1.0803558938666058,-1.1877531126033825
0.07185432306699946,-0.6796150351427145,0.8891792588346621,2.5107673721496555,-1.0800673089451216,-1.188360909546741
0.07159766674260704,-0.6797383696475633,0.8892629936407141,2.510757110904284,-1.0797794755943761,-1.1889691040776915
0.07134081687415694,-0.6798605811671505,0.8893459141311522,2.5107475547950244,-1.07949238798702,-1.1895777019602665
0.07108377461550353,-0.6799816714906175,0.8894280217270714,2.5107387018548826,-1.0792060445659744,-1.190186707925595
0.07082654105036479,-0.6801016406258864,0.8895093165741295,2.5107305512982525,-1.0789204462987385,-1.1907961187803267
0.07056911726493498,-0.6802204885859802,0.8895897988219783,2.510723102329051,-1.0786355941516506,-1.1914059313362708
0.0703115043477589,-0.6803382153867688,0.8896694686226381,2.510716354142078,-1.0783514890926271,-1.192016142404553
0.07005370338972794,-0.6804548210473855,0.8897483261307877,2.5107103059227938,-1.078068132090641,-1.1926267487966784
0.06979571548408492,-0.6805703055908856,0.889826371504232,2.510704956846961,-1.0777855241148946,-1.1932377473262226
0.06953754172635929,-0.6806846690432686,0.8899036049031883,2.5107003060812474,-1.0775036661360111,-1.1938491348062794
0.06927920035607293,-0.6807979062911034,0.8899800231057879,2.5106963514214695,-1.077222574106724,-1.1944608807578143
0.06902067529537526,-0.6809100202969716,0.8900556280889664,2.510693094915288,-1.0769422375435382,-1.1950729961142168
0.06876196770697263,-0.6810210134621846,0.890130421704725,2.510690534069155,-1.0766626537896842,-1.1956854908245542
0.068503078695207,-0.6811308858274138,0.8902044041249151,2.510688668012095,-1.0763838238175198,-1.1962983617080438
0.06824400936665276,-0.6812396374379215,0.8902775755249448,2.5106874958632184,-1.0761057485987144,-1.1969116055876357
0.0679847608300248,-0.6813472683417534,0.8903499360824769,2.5106870167327964,-1.0758284291064473,-1.1975252192853079
0.06772534368443184,-0.6814537758035328,0.890421484144865,2.5106872289251214,-1.0755518745917698,-1.1981391845767642
0.06746574955022533,-0.6815591616370081,0.8904922210018951,2.5106881330709374,-1.0752760795264493,-1.1987535059560612
0.06720597955587815,-0.6816634270148937,0.8905621476279926,2.510689727458959,-1.0750010430481185,-1.199368187614217
0.06694603481850203,-0.6817665720018756,0.8906312642136909,2.5106920111613102,-1.07472676612892,-1.1999832263840247
0.06668592531698403,-0.6818685940974059,0.8906995692631741,2.5106949824724527,-1.0744532574653332,-1.2005986050767234
0.066425643331542,-0.6819694950950627,0.8907670640667593,2.510698641841964,-1.0741805118716163,-1.2012143275759701
0.06616518998584908,-0.6820692759877202,0.8908337494692611,2.5107029876422238,-1.073908528715816,-1.2018303976418374
0.06590456640494313,-0.682167936853651,0.8908996256717798,2.510708018909421,-1.0736373089725908,-1.2024468121093776
0.0656437831983907,-0.6822654750686383,0.890964691099676,2.5107137338179095,-1.0733668618689152,-1.2030635528558105
0.06538283203273343,-0.6823618926536574,0.8910289472009891,2.5107201328373097,-1.073097181673371,-1.2036806241835147
0.06512171402693001,-0.6824571905551584,0.8910923947847826,2.5107272143263404,-1.0728282677517826,-1.2042980304193052
0.06486043031357314,-0.6825513688662459,0.8911550340634955,2.5107349772850416,-1.0725601210794056,-1.204915768404038
0.06459899150636206,-0.6826444250187234,0.8912168635015396,2.510743419823734,-1.072292750869551,-1.205533820067563
0.06433738929426092,-0.6827363611367011,0.8912778846256062,2.510752542332446,-1.0720261512890896,-1.2061521896190515
0.06407562556955737,-0.6828271778363723,0.8913380980193235,2.510762343131808,-1.0717603224940073,-1.2067708802262338
0.06381370584248147,-0.6829168739654119,0.8913975030773376,2.5107728208103697,-1.0714952693634108,-1.207389881259269
0.06355162999286756,-0.6830054497537847,0.8914561000982983,2.510783974655757,-1.0712309923710779,-1.2080091880830388
0.06328939178238668,-0.6830929074941912,0.8915138907473374,2.51079580422407,-1.0709674858549676,-1.2086288101498677
0.06302700409242101,-0.6831792444920275,0.8915708734188539,2.510808306940137,-1.0707047599572748,-1.209248731796022
0.06276446638057864,-0.6832644607538163,0.8916270482608066,2.510821482447606,-1.0704428157340662,-1.2098689431482281
0.06250176907867377,-0.6833485595180225,0.8916824175616669,2.5108353305853104,-1.0701816445601982,-1.2104894592328197
0.062238927016522894,-0.6834315376992756,0.8917369794577081,2.510849848416105,-1.0699212578874813,-1.2111102640787625
0.061975931918201166,-0.6835133974486213,0.8917907355144825,2.510865036354211,-1.0696616501940757,-1.2117313582988283
0.06171278287276749,-0.6835941398951865,0.8918436866331874,2.5108808930727,-1.069402819462861,-1.2123527496015558
0.061449494516785386,-0.6836737616165922,0.8918958307220892,2.5108974160156503,-1.0691447781124008,-1.2129744154244926
0.0611860566152318,-0.6837522654488494,0.8919471698092534,2.5109146056932317,-1.0688875187438207,-1.213596359572452
0.060922470255654115,-0.6838296519659229,0.8919977044242309,2.510932460525123,-1.068631040929008,-1.2142185882615049
0.06065874610319888,-0.6839059188007566,0.8920474331706174,2.510950978383183,-1.0683753538574527,-1.214841083562072
0.06039487753053141,-0.6839810680339199,0.892096357586643,2.510970159200368,-1.0681204527079384,-1.215463846810974
0.06013086584628757,-0.68405510000977,0.8921444780484498,2.5109900015205464,-1.0678663377175075,-1.216086881006947
0.05986670683750761,-0.6841280163315926,0.8921917957676291,2.5110105047361873,-1.0676130052057984,-1.2167101912338059
0.05960241204382166,-0.6841998145101799,0.8922383092575554,2.511031666427293,-1.0673604645978563,-1.2173337626120173
0.05933798264638668,-0.684270494657919,0.8922840187754497,2.5110534856569564,-1.0671087178098633,-1.2179575835646599
0.05907341722483883,-0.6843400577202496,0.8923289251055269,2.5110759614579172,-1.0668577634921694,-1.2185816550579267
0.058808717148852274,-0.6844085039081045,0.8923730285422167,2.51109909250926,-1.066607602501324,-1.219205975780369
0.05854388288141754,-0.6844758336514931,0.8924163295308483,2.5111228776502346,-1.066358235161795,-1.2198305435451284
0.058278912889224266,-0.6845420478900097,0.892458828848075,2.5111473159155375,-1.066109660001053,-1.2204553600223083
0.05801380654235411,-0.6846071472907413,0.8925005270833148,2.5111724062152634,-1.0658618761951832,-1.2210804271040756
0.05774857106789355,-0.6846711304985545,0.8925414235010543,2.5111981466120024,-1.065614889787808,-1.2217057337875596
0.05748320482114044,-0.684733998558344,0.892581518973254,2.511224536239805,-1.0653686997049436,-1.222331276374739
0.05721770894165701,-0.6847957516882763,0.8926208137939238,2.5112515737894587,-1.065123306639704,-1.2229570541897246
0.05695208376977012,-0.6848563903468097,0.8926593084261851,2.5112792580770456,-1.0648787107999578,-1.2235830654454372
0.05668634559515251,-0.6849159109808075,0.8926970006986332,2.5113075860872387,-1.0646349260698411,-1.2242092844484211
0.05642047835738495,-0.6849743186572983,0.892733894178737,2.5113365585514678,-1.0643919393404877,-1.2248357222531756
0.05615449395783889,-0.685031610499123,0.892769987054554,2.5113661728084717,-1.064149759759182,-1.225462373603228
0.0558883835303412,-0.6850877896641795,0.8928052816226524,2.5113964287298978,-1.0639083801443279,-1.2260892418926246
0.05562214814235977,-0.685142856095386,0.8928397779516524,2.511427324978728,-1.0636678008081488,-1.2267163326179962
0.05535578897658189,-0.6851968100352867,0.8928734763623991,2.5114588602449737,-1.0634280226964319,-1.227343642710256
0.055089322547183794,-0.6852496479928387,0.8929063747284429,2.511491031397714,-1.0631890599149045,-1.2279711455681768
0.05482273689954997,-0.6853013742460529,0.8929384761236081,2.511523838560444,-1.0629509026366954,-1.2285988455946222
0.05455603323625757,-0.6853519884740044,0.8929697804150649,2.5115572804090465,-1.0627135512602848,-1.2292267507576151
0.05428921294908706,-0.6854014909224536,0.8930002879292469,2.5115913555615696,-1.0624770068874503,-1.2298548575348922
0.05402227396276338,-0.6854498826790316,0.8930299995450142,2.5116260630447216,-1.062241267641574,-1.2304831677005235
0.05375522982124625,-0.6854971608735612,0.8930589135196998,2.5116614000270845,-1.0620063449556365,-1.2311116620192504
0.05348807050725535,-0.6855433293086576,0.8930870326103268,2.511697366325575,-1.0617722303906552,-1.2317403442483505
0.05322080432102316,-0.6855883858844264,0.8931143555157677,2.5117339598090664,-1.0615389306878626,-1.2323692099662764
0.05295343044002454,-0.6856323319200884,0.8931408833276286,2.5117711792067516,-1.0613064451356429,-1.2329982531432502
0.052685950017560046,-0.6856751676349712,0.8931666163396379,2.511809023126668,-1.0610747745386746,-1.2336274725670786
0.05241836278809098,-0.685716893726063,0.8931915551759992,2.511847490318222,-1.060843918524873,-1.234256867434138
0.05215066921128786,-0.6857575105994929,0.8932157002566825,2.5118865794673186,-1.0606138773365585,-1.234886437054408
0.05188287008439252,-0.6857970186294966,0.8932390519865985,2.511926289204417,-1.0603846515228028,-1.2355161795992549
0.05161496532191645,-0.6858354184176669,0.8932616109223579,2.5119666182616154,-1.0601562408834648,-1.2361460943144482
0.05134695830252145,-0.6858727096820222,0.8932833770321396,2.512007564951372,-1.059928648186889,-1.2367761759285032
0.051078858976140395,-0.6859088909758123,0.893304349556221,2.5120491266394733,-1.0597018817863026,-1.2374064062735783
0.05081065932461648,-0.6859439656548333,0.8933245309542994,2.512091302768644,-1.059475934581384,-1.238036788970461
0.050542360394155494,-0.6859779332375393,0.8933439209815517,2.51213409213784,-1.0592508073887987,-1.2386673291252497
0.05027396333182965,-0.6860107940967518,0.8933625200487461,2.5121774932771337,-1.0590265010503073,-1.239298023808708
0.05000547015787227,-0.6860425484122528,0.8933803284398971,2.5122215045952263,-1.0588030171467058,-1.2399288688161538
0.049736887389356,-0.6860731954631025,0.8933973458588476,2.5122661238705013,-1.058580361069234,-1.2405598523943133
0.049468208559030113,-0.6861027379718109,0.893413574320657,2.512311350399108,-1.058358527002542,-1.2411909786461692
0.04919944071269233,-0.6861311741544796,0.8934290127328635,2.5123571821797146,-1.05813752098719,-1.2418222423147292
0.04893057873257378,-0.6861585065163118,0.893443662977345,2.512403618295001,-1.0579173383253269,-1.2424536448790866
0.04866163422368386,-0.6861847323971864,0.8934575233994391,2.5124506560873265,-1.0576979889399534,-1.2430851731029937
0.04839259722248679,-0.6862098559839444,0.8934705970444252,2.5124982950611185,-1.0574794637944827,-1.2437168318884428
0.04812347812120077,-0.6862338742570048,0.8934828819570999,2.5125465329230363,-1.057261771983766,-1.24434861407104
0.04785426889762068,-0.6862567908698808,0.8934943808226716,2.5125953689422014,-1.0570449061212988,-1.2449805225540433
0.04758497701692521,-0.6862786036396799,0.8935050922541121,2.512644801148533,-1.0568288727955626,-1.2456125529541415
0.047315599790347385,-0.6862993147022669,0.8935150179055649,2.512694828202532,-1.056613669248777,-1.2462447026551773
0.04704613850557848,-0.6863189239087369,0.8935241577924922,2.5127454487225043,-1.056399296601809,-1.246876971985596
0.046776603910252845,-0.6863374296761326,0.8935325110464061,2.512796659811984,-1.0561857638009748,-1.2475093435153182
0.046506988194476406,-0.68635483579499,0.8935400804581342,2.5128484606055927,-1.0559730634617686,-1.2481418196206593
0.04623729260491993,-0.6863711413580675,0.8935468654703227,2.512900849991657,-1.0557611969819882,-1.2487744051662057
0.045967519681983315,-0.686386346554753,0.893552866377429,2.5129538261795763,-1.0555501663268025,-1.2494070950158154
0.04569767475631714,-0.686400451188086,0.8935580832380721,2.5130073869071103,-1.055339975737587,-1.2500398788920457
0.045427752190797754,-0.6864134578175126,0.8935625179620557,2.51306153126984,-1.0551306199440447,-1.250672760545057
0.04515776050720666,-0.6864253642850199,0.8935661691966392,2.513116257027141,-1.0549221064573453,-1.2513057320617678
0.04488769020591832,-0.6864361745030276,0.8935690397921805,2.513171563605846,-1.0547144264736341,-1.251938800058089
0.044617551145024414,-0.6864458853372543,0.893571127689027,2.513227448835266,-1.0545075889905537,-1.252571958052891
0.044347342360926856,-0.6864544992170932,0.8935724347897827,2.513283910814164,-1.0543015922841485,-1.2532051986807042
0.044077064900941654,-0.6864620162678433,0.8935729613075152,2.5133409480663835,-1.0540964372183235,-1.25383852126938
0.04380672863617319,-0.6864684352258592,0.8935727065799499,2.5133985576865263,-1.0538921319280732,-1.254471910083783
0.043536325008913135,-0.6864737601686858,0.8935716735978301,2.513456738798439,-1.0536886681480662,-1.2551053692059766
0.04326585474887956,-0.6864779898978871,0.893569861576522,2.513515490495663,-1.053486047177774,-1.2557389050532566
0.04299531857744343,-0.6864811249465798,0.8935672710279139,2.513574811204192,-1.0532842694493443,-1.256372515678163
0.0427247275740128,-0.6864831637728616,0.8935639010990255,2.5136346978339863,-1.0530833441499678,-1.2570061839181765
0.042454073998256625,-0.6864841105993633,0.8935597549045768,2.5136951492505055,-1.0528832634905805,-1.2576399115203976
0.04218335898130787,-0.6864839641952748,0.8935548316432058,2.5137561644629836,-1.0526840291360704,-1.2582737036700817
0.041912585380954326,-0.6864827247724502,0.8935491316227258,2.513817741524757,-1.0524856432676442,-1.2589075549214217
0.04164175575140172,-0.6864803929340628,0.8935426554366428,2.513879878396798,-1.0522881076246522,-1.2595414589348353
0.041370870293622186,-0.686476969692804,0.8935354039421926,2.5139425734035696,-1.0520914219832997,-1.2601754131476044
0.04109993259525169,-0.686472454934933,0.89352737721368,2.51400582454543,-1.0518955892342976,-1.260809412052276
0.04082894138984727,-0.6864668502071757,0.8935185764804952,2.5140696302572585,-1.0517006077688738,-1.2614434543003383
0.04055789148598299,-0.686460156740869,0.8935090026707591,2.514133989989631,-1.0515064732810289,-1.2620775486643787
0.04028678887587889,-0.6864523727716341,0.8934986546683712,2.5141989018490225,-1.051313191391339,-1.26271169078005
0.04001564006187852,-0.6864434989245831,0.8934875331454277,2.5142643628604397,-1.051120766707548,-1.2633458656291157
0.03974443979752218,-0.6864335381509664,0.8934756403109683,2.5143303717854084,-1.0509291938729841,-1.2639800752615156
0.0394731969768678,-0.6864224881180979,0.8934629746690588,2.5143969262807873,-1.050738480976829,-1.2646143112749029
0.03920190361857889,-0.6864103529135099,0.8934495392305726,2.51446402526698,-1.0505486199739558,-1.2652485774012943
0.03893056855383126,-0.6863971295456773,0.8934353320062343,2.514531666675011,-1.0503596193240312,-1.2658828678343654
0.038659193656994884,-0.6863828203365193,0.8934203548498383,2.5145998478713083,-1.0501714792052252,-1.2665171718074797
0.03838777068689492,-0.6863674277489852,0.893404609558857,2.5146685684839536,-1.0499841923410405,-1.2671514998767426
0.03811630992229453,-0.6863509484446074,0.8933880939062302,2.5147378262428495,-1.049797768495114,-1.2677858442666863
0.037844808342514025,-0.6863333860582035,0.8933708106440532,2.514807619091768,-1.0496122034525672,-1.2684202000836449
0.037573271757099125,-0.6863147393002861,0.8933527589970152,2.5148779449445184,-1.0494275024702502,-1.2690545616702964
0.03730169486219692,-0.6862950111376637,0.8933339411842152,2.514948802535439,-1.0492436600742343,-1.2696889315184203
0.03703008418496401,-0.6862741995787214,0.8933143559180445,2.5150201898940514,-1.0490606824995938,-1.2703233048939442
0.03675843159417669,-0.6862523082864912,0.8932940058933472,2.515092106117974,-1.0488785617713725,-1.2709576877178015
0.03648674266502683,-0.6862293346370334,0.8932728893382893,2.5151645497133104,-1.0486973038651783,-1.2715920792060562
0.03621503111612778,-0.6862052782746618,0.8932510062851038,2.515237516359377,-1.0485169191900785,-1.2722264541900423
0.03594328580163886,-0.6861801453276701,0.8932283612142546,2.5153110048241527,-1.0483373959547484,-1.2728608167422104
0.03567150780594375,-0.6861539330900127,0.8932049522240395,2.515385014678975,-1.0481587369654326,-1.2734951754987867
0.03539970135199422,-0.6861266417179899,0.8931807795845463,2.5154595435831744,-1.0479809454339517,-1.2741295231033298
0.03512786400154777,-0.6860982733064446,0.8931558449088426,2.515534589940115,-1.0478040184815778,-1.2747638593255763
0.03485600699191327,-0.6860688257921368,0.8931301469161501,2.515610150685331,-1.0476279658530645,-1.275398170097591
0.03458412383169929,-0.686038304007063,0.8931036891920545,2.515686224023749,-1.0474527799051732,-1.2760324546921935
0.0343122112861991,-0.686006707127549,0.893076471171526,2.5157628097445937,-1.0472784591262136,-1.2766667238499572
0.034040280117455524,-0.6859740329985183,0.8930484914955765,2.5158399049216897,-1.0471050130018464,-1.277300964745165
0.033768319749515996,-0.6859402870353434,0.8930197541278866,2.515917508463985,-1.0469324305219017,-1.2779351829314267
0.03349633695211329,-0.6859054654703647,0.8929902564571766,2.515995619042199,-1.046760719406072,-1.2785693783605532
0.033224335090294765,-0.6858695703332738,0.8929600001247806,2.5160742337082596,-1.046589880976554,-1.2792035398390007
0.032952318965405514,-0.685832602353632,0.8929289858247085,2.5161533497134076,-1.0464199184705876,-1.279837657533039
0.03268028763707598,-0.6857945636826617,0.8928972152275381,2.516232965056949,-1.046250830008542,-1.2804717285298464
0.03240823942567461,-0.6857554548350836,0.8928646887811644,2.5163130785913634,-1.0460826143078996,-1.28110575620418
0.03213617337494412,-0.6857152759896742,0.892831406694651,2.516393689138517,-1.045915270843807,-1.2817397434454814
0.0318640931399341,-0.6856740268014386,0.8927973688483055,2.516474794654815,-1.0457488027793744,-1.282373685829078
0.03159200719104316,-0.6856317076394915,0.892762575710647,2.5165563916634586,-1.0455832162402425,-1.2830075678444797
0.031319909148671776,-0.6855883227335725,0.8927270304212369,2.516638478558451,-1.0454185039555703,-1.2836413910578846
0.031047796270752492,-0.6855438709602034,0.8926907322011148,2.51672105511575,-1.0452546650386358,-1.2842751653987436
0.030775681035366098,-0.6854983500877362,0.8926536796386766,2.516804117993764,-1.045091710340702,-1.2849088753305284
0.030503555863152787,-0.6854517659181399,0.8926158770235171,2.5168876652043455,-1.0449296305886346,-1.2855425203252735
0.030231421857429108,-0.685404116250622,0.8925773228258609,2.516971696063416,-1.0447684284428356,-1.2861761059913528
0.02995928125031,-0.6853554016919233,0.8925380176082776,2.5170562084439996,-1.0446081053791454,-1.286809627985303
0.029687138448410533,-0.6853056228529362,0.8924979619609061,2.5171411997017756,-1.0444486644324324,-1.287443078009792
0.029414994468269562,-0.6852547816109622,0.8924571573696287,2.517226667457459,-1.044290105286273,-1.2880764506544469
0.029142850229304518,-0.685202878710988,0.8924156044804206,2.517312609826428,-1.0441324283680613,-1.2887097437941852
0.028870706261764578,-0.6851499149478564,0.8923733039712962,2.517399024992696,-1.0439756337899704,-1.2893429558783338
0.028598556168252465,-0.6850958919741086,0.892330257076484,2.517485912413991,-1.0438197160626912,-1.2899760955976256
0.02832640731119307,-0.6850408069949694,0.8922864618965796,2.5175732701633304,-1.0436646828300937,-1.290609158369319
0.028054261671104364,-0.6849846628929898,0.8922419206695431,2.517661095200526,-1.043510533725512,-1.291242134509507
0.027782129432956104,-0.6849274594288866,0.8921966334124818,2.5177493838530025,-1.0433572765592738,-1.2918750078906107
0.027510002413061674,-0.6848692020048246,0.8921506041111931,2.517838134419142,-1.043204901787419,-1.292507780859088
0.027237873627087072,-0.6848098891306424,0.8921038316709291,2.5179273478048634,-1.0430534058015937,-1.2931404711243806
0.02696575161293957,-0.6847495176388387,0.8920563139247326,2.518017021948833,-1.0429027974042568,-1.2937730728695012
0.026693640517861272,-0.6846880906662748,0.8920080533170536,2.518107153179776,-1.042753077577085,-1.294405572229593
0.026421539624203128,-0.6846256103391711,0.8919590514924165,2.5181977393986297,-1.042604244544735,-1.2950379666134215
0.026149454291851892,-0.6845620761977081,0.8919093082461318,2.5182887781511543,-1.0424563028252636,-1.2956702492202687
0.025877375985748685,-0.684497491992187,0.8918588263421596,2.518380268503493,-1.042309243801173,-1.2963024272012216
0.02560531472510208,-0.6844318536419974,0.8918076029467707,2.51847220841334,-1.0421630780601248,-1.296934494447334
0.02533326451584772,-0.6843651663979924,0.8917556419588104,2.518564595712964,-1.04201779767637,-1.297566450012491
0.02506122859492388,-0.684297427984643,0.8917029418089077,2.5186574292042816,-1.0418734070181437,-1.2981982951468198
0.024789215163544043,-0.684228639177318,0.8916495032282001,2.5187507052311693,-1.0417299117337238,-1.2988300151940138
0.024517213168297136,-0.6841588051683831,0.8915953300229114,2.5188444228450213,-1.041587300271121,-1.2994616182380798
0.024245232576063813,-0.6840879207900948,0.8915404185502576,2.5189385804594866,-1.041445584051231,-1.300093100739052
0.023973271524330375,-0.6840159908790668,0.8914847724414958,2.51903317509473,-1.0413047583949928,-1.3007244558639761
0.02370133284262188,-0.6839430148074603,0.8914283913362757,2.519128204948087,-1.0411648261502913,-1.301355681632477
0.02342941678068522,-0.6838689942645014,0.8913712765604029,2.519223667855527,-1.0410257865431731,-1.3019867750688219
0.023157522789515994,-0.6837939299579386,0.8913134287076896,2.519319562252187,-1.0408876389721002,-1.3026177368276282
0.02288565543059118,-0.6837178216496467,0.8912548477191407,2.519415885756004,-1.0407503872435278,-1.3032485610815343
0.02261380702811877,-0.6836406727246608,0.8911955361012036,2.5195126373677996,-1.040614023564918,-1.303879254377441
0.02234198645630725,-0.6835624794062072,0.8911354912205187,2.5196098151608433,-1.040478557577775,-1.3045098116165124
0.022070200549255237,-0.6834832451894747,0.8910747157888741,2.519707414646013,-1.040343991858772,-1.305140214824718
0.021798441422074877,-0.6834029744164208,0.8910132130159623,2.51980543447031,-1.0402103177072601,-1.3057704688705905
0.021526713219929494,-0.6833216637749578,0.890950980566954,2.5199038736283295,-1.040077541014059,-1.3064005755591608
0.021255013498035158,-0.6832393159467156,0.8908880204737102,2.520002730168953,-1.039945658280714,-1.3070305343105337
0.02098335246581584,-0.6831559292085825,0.8908243316211792,2.5201020009798114,-1.039814678556371,-1.3076603333331176
0.020711722482014583,-0.6830715094682082,0.8907599183768999,2.52020168399254,-1.039684592073564,-1.3082899736893194
0.020440124592032927,-0.6829860537631647,0.8906947786373274,2.520301778783279,-1.0395554022383278,-1.3089194613894062
0.020168564755265184,-0.6828995624884524,0.8906289128124589,2.520402282358043,-1.0394271133939756,-1.3095487870642506
0.019897043466895692,-0.6828120387767683,0.8905623232867623,2.5205031918753393,-1.0392997237954258,-1.3101779444975288
0.01962556311373831,-0.6827234831189177,0.8904950105103002,2.5206045051469594,-1.039173235128721,-1.3108069300943455
0.01935412359648714,-0.6826338971852565,0.8904269757833871,2.520706220081332,-1.0390476463581702,-1.311435741814879
0.019082709886882654,-0.6825432831405236,0.8903582206630483,2.5208083379207094,-1.0389229452625377,-1.3120644007178122
0.018811352469211506,-0.6824516313762201,0.8902887383585298,2.520910854016298,-1.038799161808268,-1.3126928788328343
0.01854002766651419,-0.6823589590576116,0.8902185414200692,2.521013765411409,-1.0386762656804605,-1.3133211798618962
0.018268751371044,-0.6822652539361016,0.8901476210024493,2.521117072013402,-1.0385542784028248,-1.3139493049268305
0.01799751092326929,-0.682170525461888,0.8900759840510926,2.521220771466419,-1.0384331836884382,-1.3145772560547442
0.017726314323330605,-0.6820747673126047,0.8900036260320952,2.52132486307653,-1.0383129926927162,-1.3152050345989772
0.017455171687856375,-0.6819779828288446,0.8899305495414955,2.521429341628312,-1.0381937104497316,-1.3158326188133558
0.017184075143619193,-0.6818801781085886,0.8898567590859621,2.5215342050274763,-1.038075326759825,-1.316460010174628
0.016913029575130967,-0.6817813494432202,0.8897822520318828,2.521639452228007,-1.03795784846741,-1.317087209710733
0.016642030109780492,-0.6816815003052549,0.8897070309728536,2.5217450815135507,-1.0378412696263057,-1.3177142193979372
0.01637108596345982,-0.681580627967771,0.8896310940240362,2.5218510904001663,-1.0377255994532057,-1.3183410313735882
0.016100197707356045,-0.6814787374514268,0.8895544449505737,2.5219574752395957,-1.03761083470489,-1.3189676360430498
0.015829354429935716,-0.6813758306337399,0.8894770851351987,2.522064236407574,-1.0374969663120848,-1.3195940481040531
0.015558572649945646,-0.681271901153806,0.8893990100569638,2.5221713711907725,-1.037384011726447,-1.3202202553899416
0.01528783624399166,-0.6811669593406592,0.8893202272922349,2.522278877698861,-1.037271951302439,-1.3208462640896705
0.015017158506460238,-0.6810609963910533,0.8892407305010801,2.5223867549887187,-1.0371608021347583,-1.3214720718032582
0.014746538855954672,-0.6809540196629842,0.8891605251599866,2.5224949987195653,-1.0370505582381166,-1.3220976663654214
0.014475983649735458,-0.6808460287559811,0.8890796110707626,2.5226036061160966,-1.036941224915661,-1.3227230399671397
0.014205485640879534,-0.6807370281624496,0.8889979915631265,2.522712575603145,-1.0368327936275779,-1.323348196482323
0.013935044003606123,-0.6806270148455915,0.8889156644614089,2.5228219071912923,-1.036725266586689,-1.3239731441864424
0.013664669791381368,-0.680515988024221,0.8888326293090616,2.522931597147742,-1.0366186528321142,-1.3245978687350977
0.013394357727774864,-0.6804039544230542,0.8887488910884884,2.5230416425114615,-1.036512943432851,-1.3252223667633327
0.013124110201414574,-0.6802909116425028,0.8886644481068418,2.5231520422668305,-1.036408142435528,-1.3258466403713935
0.012853918969743638,-0.6801768622785591,0.8885793022968951,2.5232627958539027,-1.036304242086921,-1.3264706984557622
0.012583806163482425,-0.68006180069064,0.8884934496719588,2.523373898918413,-1.0362012634694369,-1.3270945189887489
0.012313747139792053,-0.6799457412215211,0.8884069007303785,2.523485349950747,-1.0360991772951444,-1.3277181140426482
0.012043757889871554,-0.6798286699824254,0.8883196453890596,2.5235971494324567,-1.0359980069155852,-1.3283414861592195
0.011773839560540011,-0.6797105960966917,0.8882316904215819,2.52370929190507,-1.0358977460857939,-1.3289646179765857
0.011503993006028335,-0.6795915205774506,0.8881430366344665,2.5238217753101924,-1.0357983949629772,-1.3295875075973866
0.01123421906894917,-0.6794714444310804,0.8880536848288787,2.5239345975946277,-1.0356999537024714,-1.330210153144833
0.010964518581850768,-0.6793503686640935,0.8879636358054293,2.5240477567077093,-1.0356024224505547,-1.3308325527748588
0.010694883482039508,-0.6792282949780417,0.8878728908426234,2.524161252412545,-1.0355057942828805,-1.3314547166712176
0.010425323183532953,-0.6791052188381802,0.8877814467004663,2.5242750828961515,-1.0354100801709927,-1.332076640027017
0.010155838654902993,-0.678981145948167,0.8876893076319865,2.524389244154829,-1.0353152765015519,-1.3326983123411211
0.009886431233157467,-0.6788560772722122,0.8875964744065765,2.5245037340361125,-1.0352213838237614,-1.3333197311094283
0.009617101284727259,-0.678730014137389,0.8875029480565035,2.524618550468508,-1.035128401677499,-1.3339408946313578
0.009347848680012039,-0.6786029573693058,0.8874087292436683,2.5247336917018006,-1.0350363296521958,-1.3345618028250987
0.009078675636763123,-0.6784749073480059,0.8873138183096105,2.52484915561398,-1.0349451694244924,-1.3351824529175857
0.008809583212621153,-0.678345865858071,0.8872182166234772,2.5249649397851988,-1.034854920660458,-1.3358028414044312
0.008540571619332304,-0.6782158340862411,0.8871219251121536,2.5250810422385346,-1.0347655828996738,-1.3364229670824233
0.008271641406631502,-0.6780848127307412,0.887024944344267,2.5251974611161168,-1.034677156332972,-1.3370428291033685
0.008002789310597613,-0.6779528029473203,0.8869272752145694,2.525314195270863,-1.0345896379739932,-1.3376624313845842
0.00773402068430995,-0.6778198030995707,0.8868289165893266,2.5254312426602827,-1.0345030334778658,-1.3382817700272882
0.007465339313545094,-0.6776858166286016,0.8867298710582978,2.5255485995541176,-1.0344173431338568,-1.3389008347591902
0.007196745140452432,-0.677550846311989,0.886630140713125,2.5256662633976816,-1.0343325649563873,-1.3395196221146697
0.006928238770042228,-0.6774148926964869,0.8865297260082627,2.525784232384135,-1.0342486993015463,-1.3401381314750727
0.0066598182112276305,-0.6772779569089536,0.8864286278186859,2.5259025050814516,-1.0341657441333674,-1.340756364980199
0.006391483858678271,-0.6771400383845291,0.8863268457825138,2.526021080179581,-1.034083700580506,-1.341374324140567
0.006123244569049113,-0.6770011374283132,0.886224380191639,2.5261399540317537,-1.034002575274462,-1.3419919968087746
0.005855090538781749,-0.6768612605214541,0.8861212358368613,2.5262591248824626,-1.0339223559488644,-1.3426093874307468
0.005587031349162608,-0.6767204018342468,0.8860174085054418,2.5263785913878603,-1.0338430549042374,-1.343226493086392
0.005319066767359715,-0.6765785678017967,0.8859129029698058,2.5264983495704816,-1.0337646669495981,-1.3438433046048481
0.005051193265527498,-0.6764357590833355,0.8858077197578318,2.5266183985499375,-1.033687189299335,-1.3444598271087598
0.004783412890297711,-0.6762919740846276,0.8857018577519185,2.5267387370431678,-1.0336106251678314,-1.3450760614215471
0.0045157263761859134,-0.6761472146554075,0.8855953183597847,2.5268593626919773,-1.0335349739122979,-1.345692004579577
0.004248144934940967,-0.676001481231473,0.8854881019613989,2.526980271256192,-1.033460243809569,-1.346307641108863
0.003980654136730877,-0.675854782125411,0.885380214688726,2.52710146134314,-1.0333864175823593,-1.3469229791277129
0.003713263483641871,-0.6757071085619061,0.885271650159944,2.5272229327997717,-1.033313510002921,-1.3475380205338572
0.0034459685345886726,-0.6755584673657979,0.8851624134263374,2.527344682493871,-1.0332415124086587,-1.348152761691414
0.003178775384666377,-0.6754088560468645,0.8850525027124307,2.527466708554525,-1.033170431773395,-1.3487671991367367
0.00291168490995819,-0.6752582790283551,0.8849419213095078,2.5275890075730136,-1.0331002653808388,-1.3493813256974345
0.0026446976179190784,-0.6751067374648534,0.8848306701100723,2.527711577533086,-1.0330310129984548,-1.3499951399861772
0.0023778135618974794,-0.6749542323438518,0.8847187498837323,2.527834416591448,-1.032962674198958,-1.3506086415067409
0.0021110279824076983,-0.674800764598747,0.8846061613597862,2.5279575240479506,-1.0328952450355955,-1.3512218365415154
0.0018443495415345623,-0.6746463314500942,0.8844929025468078,2.5280808975482896,-1.0328287346473988,-1.351834718494375
0.0015777775717147335,-0.674490939114344,0.8843789780475673,2.5282045333436014,-1.0327631376403017,-1.3524472796543372
0.0013113154936315041,-0.6743345876383292,0.8842643879394592,2.5283284291846253,-1.0326984568780233,-1.3530595163649726
0.001044957874074548,-0.6741772801570196,0.8841491345655736,2.5284525836600222,-1.032634686036406,-1.3536714324065495
0.0007787075752552219,-0.6740190137040977,0.8840332157944015,2.5285769958420383,-1.0325718301269635,-1.354283029534459
0.00051256917607434,-0.6738597906256564,0.8839166333870629,2.5287016623039142,-1.0325098909228507,-1.354894298913547
0.0002465368542541313,-0.6736996148047376,0.8837993902358141,2.528826581432514,-1.032448861162678,-1.3555052436920465
-1.938650787192131e-05,-0.6735384829728164,0.8836814839865199,2.528951752413126,-1.032388746139048,-1.356115866012178
-0.00028519588865272283,-0.673376397504562,0.8835629164182865,2.5290771717109735,-1.0323295479290975,-1.356726156450649
-0.0005508906415272463,-0.6732133623407557,0.8834436904598171,2.5292028361951266,-1.0322712640207787,-1.3573361092411549
-0.0008164702506459065,-0.6730493785692876,0.8833238069483538,2.529328743890762,-1.0322138942352723,-1.3579457231812053
-0.0010819355380800033,-0.6728844472669067,0.8832032667144376,2.5294548931379133,-1.0321574374080222,-1.358554998887754
-0.0013472867192838578,-0.6727185685920379,0.8830820699151367,2.5295812824965864,-1.0321018936091904,-1.3591639375295157
-0.001612524405653737,-0.6725517431125406,0.8829602170083204,2.5297079104571902,-1.0320472622644643,-1.3597725401637197
-0.0018776390164347845,-0.672383970765844,0.8828377079744523,2.529834773400875,-1.031993550935168,-1.3603807950204583
-0.0021426381878093537,-0.6722152589825565,0.8827145483073031,2.5299618687651706,-1.0319407479279805,-1.3609887024611835
-0.002407521042163019,-0.6720456032353959,0.8825907347289812,2.530089196691465,-1.031888858143888,-1.36159626913727
-0.002672286632998677,-0.6718750048069853,0.8824662682173283,2.5302167550347043,-1.03183788155551,-1.3622034929316658
-0.002936926580803245,-0.6717034647613312,0.8823411495746845,2.530344540023103,-1.0317878238718543,-1.3628103621181438
-0.003201443721531305,-0.6715309896390512,0.8822153836337523,2.5304725483469794,-1.0317386777215696,-1.3634168720066544
-0.0034658352113421387,-0.6713575781159365,0.8820889694556682,2.530600778449908,-1.0316904467322172,-1.3640230218947282
-0.0037301095673001328,-0.6711832331450187,0.8819619092589104,2.530729229730481,-1.03164312236073,-1.3646288199389038
-0.003994258137724138,-0.6710079492794867,0.8818341990736229,2.5308579008901497,-1.0315967161313664,-1.3652342636278723
-0.004258280601934672,-0.6708317332647906,0.8817058438744398,2.5309867878248222,-1.0315512228389945,-1.365839343827472
-0.0045221775820678545,-0.6706545860417609,0.8815768443877992,2.531115888900715,-1.0315066415703007,-1.3664440611244149
-0.00478594781073749,-0.6704765078715207,0.8814472008377368,2.531245202312712,-1.0314629734135496,-1.3670484145627129
-0.0050495897555107305,-0.6702975003416876,0.881316914417857,2.531374725684474,-1.0314202185098411,-1.3676524009425108
-0.005313106870058704,-0.6701175653419214,0.8811859865568681,2.5315044576694214,-1.0313783730018167,-1.368256023199168
-0.005576497886480958,-0.6699367011060519,0.8810544159947158,2.5316343972451576,-1.031337439729991,-1.3688592832463915
-0.00583975410198434,-0.6697549090721345,0.8809222037924185,2.5317645404531923,-1.0312974243435202,-1.3694621686805242
-0.006102890482837964,-0.6695721964990222,0.8807893553441812,2.531894886526608,-1.0312583096892773,-1.3700646899052962
-0.00636588845240027,-0.6693885529742549,0.8806558630057588,2.532025433799158,-1.0312201190967196,-1.370666838386502
-0.006628755749977344,-0.6692039927908664,0.8805217372944494,2.5321561771593797,-1.0311828347289305,-1.3712686051830567
-0.006891488758943964,-0.6690185110091625,0.8803869746169992,2.532287116271694,-1.0311464639483252,-1.3718699936362582
-0.007154087778794782,-0.6688321110281717,0.8802515774942425,2.532418248504585,-1.0311110039420173,-1.372471000471858
-0.0074165520596407575,-0.6686447933659432,0.8801155463352872,2.532549572090593,-1.0310764551856357,-1.3730716250872705
-0.007678880997731952,-0.6684565593174986,0.8799788821177872,2.532681085000685,-1.0310428173692945,-1.3736718659888594
-0.007941073674357924,-0.668267410069051,0.8798415857381179,2.5328127851777653,-1.0310100905136093,-1.3742717214360938
-0.008203132520458567,-0.6680773470819923,0.8797036583074362,2.5329446712245227,-1.0309782718771217,-1.3748711936152922
-0.008465048895898164,-0.6678863692023557,0.8795650989780621,2.5330767402180783,-1.0309473693349092,-1.3754702740659694
-0.008726831744270136,-0.6676944837164113,0.8794259131472879,2.5332089900383816,-1.030917370158383,-1.3760689653737945
-0.008988471284735233,-0.6675016846147332,0.8792860964100591,2.5333414193488903,-1.03088828732043,-1.3766672642891837
-0.009249975595544413,-0.6673079800590694,0.8791456548007806,2.5334740255075574,-1.0308601079681563,-1.377265171097375
-0.009511327296941374,-0.667113364607082,0.8790045842913239,2.5336068052404506,-1.0308328503280333,-1.3778626720871716
-0.009772549271739095,-0.6669178523325386,0.8788628953064688,2.533739757046052,-1.03080648519049,-1.3784597784845865
-0.010033625554968673,-0.6667214265959681,0.8787205756380505,2.5338728821938146,-1.030781039508415,-1.3790564935062637
-0.010294558057013958,-0.6665241002695839,0.8785776347341714,2.53400617488479,-1.030756500947077,-1.379652803280814
-0.010555346567468149,-0.6663258726979095,0.878434072143699,2.5341396339414453,-1.0307328705951277,-1.380248709524956
-0.010815992768739235,-0.6661267448368234,0.8782898886031472,2.5342732580083305,-1.0307101466996602,-1.3808442141647943
-0.011076491625056306,-0.6659267161601183,0.8781450837309643,2.5344070447678684,-1.0306883338890473,-1.3814393126059208
-0.011336841948381249,-0.6657257913327057,0.8779996609577863,2.5345409908316316,-1.0306674293331892,-1.382033998224964
-0.011597051232052458,-0.6655239720986939,0.8778536216267336,2.534675095869321,-1.0306474261809833,-1.3826282792358824
-0.0118571105281422,-0.6653212534276636,0.8777069620420206,2.534809358369542,-1.0306283359805175,-1.383222152094617
-0.01211702340680354,-0.6651176430523454,0.8775596879010319,2.534943774882492,-1.030610149595119,-1.3838156121390763
-0.01237678171206813,-0.6649131390204015,0.8774117977579086,2.535078342934355,-1.0305928752794578,-1.3844086528151973
-0.012636391594732288,-0.6647077485267395,0.8772632969305065,2.5352130598717952,-1.0305765023997298,-1.3850012734791648
-0.012895855694138092,-0.664501467568604,0.8771141825380573,2.5353479264154744,-1.0305610328219441,-1.3855934837345076
-0.013155163032404715,-0.6642942948825601,0.8769644536187293,2.5354829392045266,-1.0305464763487286,-1.386185272605667
-0.013414319820910237,-0.6640862399409911,0.8768141171543258,2.5356180947672327,-1.0305328202794217,-1.3867766365876977
-0.013673322428675583,-0.6638772987006601,0.8766631701952545,2.5357533924328073,-1.0305200712844338,-1.387367577511703
-0.013932170248578402,-0.6636674748681748,0.8765116154697483,2.5358888293430635,-1.030508226912418,-1.3879580909208264
-0.014190871565333829,-0.6634567697082473,0.8763594539808106,2.5360244055361987,-1.030497280095885,-1.3885481864881695
-0.014449417315912427,-0.66324517744854,0.8762066814812917,2.5361601197570702,-1.0304872431727787,-1.3891378614754146
-0.01470780406225547,-0.663032706189435,0.876053303887355,2.5362959669052385,-1.030478111967831,-1.3897271023181597
-0.014966034040914344,-0.6628193595782862,0.8758993239006037,2.536431944799356,-1.030469881907185,-1.3903159082135685
-0.015224106605878696,-0.6626051366827949,0.8757447408601089,2.536568052298128,-1.030462554655062,-1.3909042806494065
-0.015482021063315088,-0.6623900388750267,0.8755895557865823,2.5367042874050103,-1.030456129876809,-1.3914922181128522
-0.01573978167984258,-0.6621740675145514,0.8754337697268797,2.5368406492356175,-1.0304506034632768,-1.3920797251633272
-0.015997381369612818,-0.661957220037312,0.8752773807834093,2.536977135810319,-1.0304459834377337,-1.3926667974345663
-0.016254819576172252,-0.6617395030917904,0.8751203938272161,2.5371137432450377,-1.030442264690555,-1.3932534269448158
-0.016512095707676977,-0.6615209180610865,0.8749628098856252,2.537250469577098,-1.0304394467953928,-1.3938396123404346
-0.016769217487626165,-0.661301466178973,0.8748046299400047,2.5373873147460526,-1.0304375231029528,-1.3944253625164524
-0.017026175947384203,-0.661081142032929,0.874645849997207,2.5375242773977114,-1.030436505611067,-1.3950106744012556
-0.0172829705770301,-0.6608599538911187,0.8744864761080118,2.5376613530923975,-1.0304363877260283,-1.3955955381374197
-0.017539600806651734,-0.6606379031333063,0.8743265092962194,2.537798539885555,-1.03043716900467,-1.3961799524131908
-0.01779606607124684,-0.6604149911408146,0.8741659505864083,2.537935835836507,-1.0304388489972374,-1.3967639159306076
-0.01805237408861693,-0.6601912191115576,0.8740048009363459,2.538073240903744,-1.030441421072434,-1.3973474375527393
-0.018308515931119373,-0.6599665815842695,0.8738430563134614,2.5382107537653957,-1.030444897263543,-1.3979305143160716
-0.018564491123761684,-0.6597410869152197,0.8736807228297696,2.5383483699911378,-1.030449270852997,-1.3985131364317005
-0.018820299127596307,-0.6595147364886081,0.8735178015108991,2.538486087657567,-1.0304545413649344,-1.3990953026450588
-0.019075940505873135,-0.6592875316524248,0.8733542933651814,2.538623905100071,-1.0304607075092869,-1.3996770130605607
-0.019331414669076175,-0.6590594728391873,0.8731901987237083,2.53876182073035,-1.0304677696942621,-1.4002582675154585
-0.019586723658897576,-0.6588305613854525,0.8730255185993809,2.538899833216844,-1.0304757255016508,-1.4008390678751679
-0.019841859824901498,-0.6586007966321913,0.8728602524657103,2.539037939812579,-1.0304845817357058,-1.4014194069010997
-0.020096825962196085,-0.6583701859882116,0.872694405767569,2.5391761371922152,-1.0304943299859222,-1.4019992800411678
-0.020351621400413578,-0.6581387280610413,0.872527977503156,2.5393144244158576,-1.0305049723465742,-1.4025786892739998
-0.020606245689336333,-0.657906424333902,0.8723609687688878,2.5394527995674854,-1.0305165081790675,-1.4031576333582112
-0.020860704859635426,-0.6576732759332179,0.8721933804605815,2.5395912622791883,-1.0305289321742022,-1.4037361191117252
-0.021114991743477418,-0.6574392787088648,0.8720252095082008,2.5397298111644058,-1.0305422538911957,-1.404314144081959
-0.02136910564797745,-0.657204439784648,0.8718564611160349,2.539868442260489,-1.0305564678386865,-1.4048917000046814
-0.021623048015182,-0.6569687607281846,0.871687136458791,2.5400071540481544,-1.0305715718405952,-1.4054687877703627
-0.021876816144229316,-0.6567322412917915,0.8715172353491019,2.540145944747551,-1.0305875685347046,-1.4060454055713036
-0.02213040970780611,-0.6564948847820072,0.8713467602112699,2.5402848118460017,-1.0306044555513767,-1.4066215501749255
-0.022383830320752196,-0.656256692401698,0.8711757119555172,2.540423754000396,-1.0306222309018105,-1.4071972231138876
-0.022637070125175462,-0.6560176639403558,0.8710040903692806,2.540562768305705,-1.0306409011730187,-1.407772416546804
-0.022890134587806088,-0.6557778071420247,0.8708319011643768,2.540701851969497,-1.0306604555425651,-1.4083471288383467
-0.02314302732981499,-0.6555371180450176,0.870659141509293,2.540841005906114,-1.030680895092764,-1.4089213698951066
-0.02339574104279407,-0.6552955945329344,0.8704858098070933,2.540980228005487,-1.030702227698876,-1.4094951347584166
-0.023648277885522262,-0.655053243979123,0.8703119114669886,2.541119514898784,-1.0307244454137574,-1.4100684183846768
-0.02390063362946826,-0.6548100656784726,0.8701374459486111,2.541258864663473,-1.0307475524695746,-1.4106412177918743
-0.024152817188053177,-0.6545660640176506,0.8699624165559587,2.541398276448115,-1.0307715383631972,-1.4112135392239185
-0.024404819978249392,-0.6543212322754087,0.8697868183228441,2.5415377494826235,-1.0307964160992673,-1.4117853816139982
-0.024656641737580642,-0.6540755790816832,0.8696106575463358,2.5416772794634857,-1.030822178461455,-1.4123567357544193
-0.02490828206093809,-0.6538291058139439,0.8694339352407274,2.541816864585368,-1.0308488248534065,-1.412927600677639
-0.025159740542397557,-0.6535818138540653,0.8692566524232848,2.5419565030447524,-1.030876354674432,-1.4134979754128236
-0.025411016775036543,-0.6533337045871905,0.8690788101134777,2.542096193040109,-1.030904767321113,-1.414067858982299
-0.025662112369774448,-0.6530847793078359,0.8689004092868773,2.542235933238408,-1.0309340607043853,-1.4146372528174467
-0.025913027062372862,-0.6528350375239685,0.8687214495986022,2.5423757225196915,-1.0309642357969488,-1.4152061582244464
-0.026163752379889438,-0.6525844808421545,0.8685419321384309,2.5425155572837057,-1.0309952980556716,-1.4157745648135533
-0.026414296180354846,-0.6523331177697677,0.8683618631999557,2.5426554350736,-1.0310272340404034,-1.4163424729556704
-0.02666465114431471,-0.6520809425288492,0.8681812385102265,2.5427953550851394,-1.0310600549657334,-1.416909881976113
-0.026914825732449188,-0.6518279623916178,0.8680000634719867,2.542935315422755,-1.0310937480235294,-1.4174767943177868
-0.027164819219811065,-0.6515741706009059,0.8678183331765945,2.5430753170228453,-1.0311283201894652,-1.4180432178012234
-0.02741462303055542,-0.6513195690907089,0.867636048946713,2.5432153561743958,-1.031163776713622,-1.4186091416174096
-0.027664240165327314,-0.6510641668112309,0.8674532173421583,2.5433554292604366,-1.0312001075063217,-1.4191745602044903
-0.02791367142182999,-0.6508079620958956,0.8672698371741361,2.543495535814878,-1.031237313769567,-1.4197394773959104
-0.02816291550833583,-0.650550955214803,0.8670859086380744,2.543635674267145,-1.0312753965847554,-1.420303892498309
-0.0284119698666796,-0.650293148541869,0.8669014334435734,2.5437758420685266,-1.0313143561195612,-1.4208678010788693
-0.02866083964559163,-0.6500345452831312,0.8667164139984602,2.5439160380318953,-1.031354185780546,-1.421431206399824
-0.02890952135580349,-0.6497751417932203,0.8665308476237858,2.5440562614518742,-1.0313948919006004,-1.421994109642222
-0.029158014657905795,-0.6495149423321238,0.8663447374271014,2.544196509624987,-1.031436471209336,-1.4225565067704007
-0.02940631114976,-0.6492539488443243,0.8661580847308152,2.544336778931058,-1.0314789288225368,-1.4231183873833095
-0.029654418632467205,-0.648992170048121,0.8659708959826262,2.5444770669130694,-1.0315222510739928,-1.4236797516744937
-0.029902336491008263,-0.6487295997134275,0.865783166658729,2.5446173743553255,-1.0315664443971093,-1.4242406068576807
-0.030150064316170067,-0.6484662393116396,0.8655948978369827,2.544757699498672,-1.031611508092576,-1.4248009519234375
-0.03039760018328952,-0.6482020904151791,0.8654060906489329,2.544898040235153,-1.0316574425536946,-1.4253607840861808
-0.030644940922481823,-0.6479371561711355,0.8652167473535441,2.545038393676074,-1.0317042477206366,-1.4259200975005049
-0.030892094088387445,-0.647671440315227,0.8650268707761954,2.54517875900021,-1.0317519146063896,-1.4264788974940283
-0.031139047034244527,-0.647404937416024,0.8648364568172631,2.545319134192361,-1.0318004583472151,-1.4270371771180752
-0.03138581555264963,-0.647137659732544,0.8646455146045864,2.545459517335772,-1.0318498557644624,-1.427594941519638
-0.031632382390504254,-0.6468695942640268,0.8644540344762937,2.545599907964333,-1.0319001324821857,-1.428152186864015
-0.031878757336423647,-0.6466007580429555,0.8642620289489908,2.5457403013369504,-1.031951265675479,-1.428708906629927
-0.03212493598185873,-0.6463311432549624,0.8640694922982726,2.545880697966834,-1.032003266204823,-1.429265105455657
-0.032370925885929935,-0.6460607545605968,0.8638764280243985,2.5460210967462067,-1.0320561242138997,-1.4298207876336444
-0.03261671845300018,-0.6457895862180952,0.8636828318526351,2.5461614966215067,-1.0321098519717826,-1.4303759509773175
-0.03286231353373559,-0.6455176476762802,0.8634887106555915,2.546301893311432,-1.0321644413134117,-1.4309305863203705
-0.03310771078309749,-0.6452449404785715,0.8632940655603707,2.546442285104099,-1.0322198914111156,-1.4314846927325557
-0.03335290990793016,-0.6449714661230367,0.8630988976616978,2.5465826703174215,-1.0322762014368037,-1.4320382693891602
-0.0335979106761668,-0.6446972260549978,0.8629032080166179,2.5467230473036193,-1.0323333705607671,-1.432591315595156
-0.03384271347054302,-0.6444222216103758,0.8627069976114816,2.546863414581357,-1.0323913975693655,-1.433143831421871
-0.03408731710727153,-0.6441464536212811,0.8625102670444935,2.5470037705125277,-1.032450282937795,-1.4336958157952555
-0.03433172218779745,-0.6438699243557588,0.8623130179816183,2.5471441133654085,-1.0325100244284304,-1.4342472680487444
-0.03457592883081162,-0.6435926343582136,0.8621152508306444,2.5472844418720775,-1.0325706217521977,-1.4347981888049384
-0.034819933914722156,-0.6433145848569836,0.8619169664489261,2.5474247538766233,-1.0326320765484447,-1.4353485745012609
-0.03506374359282027,-0.6430357796909606,0.8617181677229491,2.5475650482978156,-1.0326943807678408,-1.4358984287737655
-0.035307353052120405,-0.6427562141609807,0.8615188511833045,2.547705324551666,-1.032757542788217,-1.43644775241573
-0.035550761482685544,-0.6424758941862303,0.8613190211246988,2.547845579457022,-1.032821558146171,-1.4369965394721174
-0.03579396729006845,-0.6421948220432108,0.861118679185731,2.547985810855761,-1.0328864263191313,-1.4375447869601066
-0.03603696958309843,-0.6419130006499947,0.8609178274802223,2.5481260165358255,-1.0329521456427655,-1.43809249200174
-0.03627976721230297,-0.6416304322621007,0.8607164676367014,2.548266194452498,-1.0330187152600039,-1.4386396521500517
-0.036522366814372376,-0.6413471187308127,0.8605146011079663,2.5484063442888467,-1.0330861285331436,-1.4391862735926189
-0.03676476688225261,-0.641063054464268,0.8603122238256122,2.548546466434602,-1.0331543920561808,-1.4397323615143744
-0.037006962134645605,-0.6407782423627048,0.8601093378239759,2.5486865577975464,-1.0332235076465797,-1.4402779084119794
-0.03724894946576285,-0.6404926894425241,0.8599059481540094,2.5488266144349945,-1.0332934716374695,-1.4408229049335046
-0.03749073197780728,-0.6402064001146948,0.8597020580711101,2.5489666345130946,-1.033364277832165,-1.4413673509477678
-0.03773230832584762,-0.6399193725761675,0.8594976662555598,2.549106617267025,-1.0334359292355209,-1.4419112479708593
-0.03797368865029327,-0.6396316084167453,0.8592927740281189,2.5492465631901764,-1.0335084166549828,-1.442454606063504
-0.03821485611697106,-0.6393430996281909,0.8590873753286585,2.549386470324888,-1.033581761044219,-1.4429974167728337
-0.038455816804725984,-0.6390538642864141,0.8588814833673046,2.5495263331494527,-1.0336559413226505,-1.4435396692887634
-0.03869657266229165,-0.6387638976911983,0.8586750947755304,2.5496661524926045,-1.0337309605393228,-1.444081371473548
-0.038937123018488506,-0.6384731988009263,0.8584682087968463,2.5498059274953113,-1.033806820468284,-1.4446225247415612
-0.03917746725164406,-0.6381817694956237,0.8582608267935314,2.5499456563937364,-1.0338835201661905,-1.4451631276218866
-0.03941760513074577,-0.6378896116951612,0.8580529501627088,2.5500853374960286,-1.0339610583419514,-1.4457031790176869
-0.03965754176140557,-0.6375967263994534,0.8578445797215046,2.5502249704758997,-1.0340394303109988,-1.4462426842572829
-0.039897269135343194,-0.6373031100754158,0.8576357127893246,2.5503645537789503,-1.03411864595896,-1.4467816396222701
-0.04013678751150884,-0.6370087723115224,0.8574263563278448,2.550504083438515,-1.034198696564608,-1.4473200369133177
-0.040376098971087515,-0.6367137142297121,0.8572165111927541,2.5506435584984306,-1.0342795797271542,-1.4478578782358882
-0.040615203559828394,-0.6364179348048008,0.8570061766510655,2.550782978260032,-1.0343612966339408,-1.4483951657110534
-0.04085409324020084,-0.6361214359114189,0.856795353935996,2.5509223395122533,-1.0344438522370005,-1.4489318903180388
-0.04109277571571823,-0.6358242268009672,0.8565840498858459,2.5510616399282595,-1.0345272321879748,-1.44946805192578
-0.04133125030690188,-0.6355263007866183,0.8563722596538277,2.551200880423145,-1.03461144345312,-1.4500036574863715
-0.041569511890937605,-0.6352276600067581,0.8561599847111787,2.551340058305482,-1.0346964884248606,-1.4505387007384511
-0.041807563589022934,-0.6349283110493606,0.8559472298901762,2.5514791711719704,-1.0347823588373963,-1.4510731794976623
-0.04204540505886811,-0.6346282520523667,0.8557339938445461,2.551618218526505,-1.0348690569541668,-1.451607096311712
-0.04228303609273354,-0.6343274845332557,0.8555202776779818,2.551757198865834,-1.034956581821313,-1.4521404505620557
-0.04252045647531766,-0.6340260100227756,0.8553060825036249,2.5518961106853437,-1.035044932478252,-1.4526732416062274
-0.0427576659853095,-0.6337238300662578,0.8550914094448996,2.552034952479549,-1.0351341079543255,-1.4532054687882752
-0.04299466514823891,-0.6334209461407069,0.8548762595886972,2.5521737229157253,-1.0352241067448353,-1.4537371322722246
-0.04323145388005756,-0.6331173589560606,0.8546606334561409,2.5523124207764867,-1.0353149285372985,-1.4542682323421483
-0.043468024246228865,-0.6328130707116204,0.8544445325081824,2.552451042850688,-1.0354065779153845,-1.4547987599652854
-0.04370438393007792,-0.6325080907725886,0.8542279636657177,2.5525895868545962,-1.035499040381311,-1.4553287149567553
-0.043940532239926,-0.6322024123605313,0.8540109220183361,2.552728053729466,-1.0355923230090385,-1.4558581042041363
-0.04417646886759918,-0.6318960371655042,0.8537934087921979,2.5528664419351497,-1.0356864247574058,-1.4563869268364626
-0.044412193508136966,-0.631588966878446,0.8535754252140375,2.553004749936719,-1.035781344581125,-1.4569151819859405
-0.04464769829183801,-0.6312812040427102,0.8533569729908854,2.553142974469267,-1.0358770866999911,-1.4574428604452923
-0.04488299090028036,-0.6309727580635281,0.8531380590727422,2.5532811132745126,-1.0359736365536236,-1.457969962023049
-0.045118070643621166,-0.6306636221139928,0.8529186785155236,2.5534191673092,-1.036071001265018,-1.4584964935950941
-0.04535293723068179,-0.6303537978928953,0.8526988325511695,2.553557135059294,-1.0361691797660062,-1.4590224543205805
-0.04558758633763027,-0.6300432875667222,0.8524785226758289,2.5536950140923627,-1.0362681737868313,-1.4595478389314442
-0.04582202244116118,-0.6297320969181868,0.8522577531615858,2.553832802626195,-1.0363679746621524,-1.4600726474814083
-0.04605624192309854,-0.6294202228569704,0.8520365217143215,2.5539704999387594,-1.036468588414252,-1.4605968803823421
-0.046290244149429505,-0.6291076706917128,0.8518148321688139,2.5541081034074464,-1.0365700109088074,-1.4611205330999448
-0.04652403638024616,-0.6287944418718424,0.851592685715413,2.554245613086739,-1.0366722352429665,-1.4616436125018968
-0.04675761040448023,-0.6284805303930929,0.8513700778678968,2.5543830282262476,-1.03677527382475,-1.4621661171850546
-0.04699096639605127,-0.6281659466025562,0.8511470161181847,2.5545203448982168,-1.0368791172040406,-1.4626880387319028
-0.04722410445965686,-0.6278506921773713,0.850923501687423,2.5546575617216747,-1.0369837640062007,-1.4632093767767422
-0.04745703209473362,-0.6275347674911912,0.8506995349946038,2.5547946791236664,-1.0370892081187457,-1.463730139387401
-0.04768973733164117,-0.6272181666292228,0.8504751115455527,2.554931695615032,-1.0371954649009805,-1.4642503214184701
-0.04792222503570276,-0.6269009038228129,0.8502502417259707,2.555068607082389,-1.0373025175193356,-1.4647699155239504
-0.0481544948575765,-0.626582975624007,0.8500249230437702,2.5552054135692344,-1.0374103697071497,-1.4652889256477133
-0.04838655415676918,-0.6262643826343471,0.8497991560825655,2.555342115414804,-1.037519015241725,-1.4658073594507282
-0.04861839491699804,-0.6259451185881502,0.84957293616907,2.555478711998538,-1.0376284666410476,-1.466325215962242
-0.04885001748568829,-0.6256251937217462,0.8493462707144133,2.555615199534428,-1.0377387143922732,-1.46684248717114
-0.04908142176827113,-0.6253046095746949,0.84911916083629,2.555751576678069,-1.037849757399548,-1.4673591726524744
-0.04931260767277035,-0.6249833676894073,0.8488916076543576,2.555887842089689,-1.0379615945606588,-1.467875271989192
-0.04954357510957408,-0.6246614696071638,0.8486636122875382,2.5560239944345207,-1.0380742247720776,-1.4683907847626299
-0.04977432402167814,-0.6243389168662912,0.8484351758531608,2.556160032389622,-1.0381876469053628,-1.4689057105931467
-0.05000484878737943,-0.624015711694782,0.8482062998564919,2.5562959533863974,-1.038301863680626,-1.4694200431435727
-0.050235152701765706,-0.6236918618212101,0.8479769899502578,2.556431754989493,-1.0384168655143073,-1.4699337796738934
-0.05046523857005347,-0.6233673648327948,0.8477472444539327,2.5565674375662213,-1.0385326526325498,-1.4704469261607935
-0.050695105565379706,-0.6230422187024235,0.8475170618946004,2.5567030006814555,-1.0386492278366986,-1.470959484717497
-0.05092475366439331,-0.6227164256298844,0.8472864438676759,2.556838442853457,-1.0387665893512492,-1.4714714544062
-0.051154185707162014,-0.6223899867487088,0.8470553912563603,2.5569737634454395,-1.0388847340761143,-1.4719828379728783
-0.05138339567840866,-0.6220629008788222,0.8468239030955229,2.5571089608107735,-1.0390036682198434,-1.4724936318156894
-0.051612386820869105,-0.6217351760647933,0.846591985265162,2.557244032450933,-1.039123381927339,-1.4730038328738204
-0.051841154789302735,-0.6214068108989852,0.8463596366680619,2.5573789771138644,-1.03924388026988,-1.473513439372025
-0.05206969937770012,-0.6210778119251074,0.8461268620293154,2.557513792099428,-1.0393651575724836,-1.4740224463730855
-0.05229802791621818,-0.6207481802191421,0.845893662281783,2.5576484776553965,-1.0394872071438943,-1.4745308609365448
-0.052526132509608026,-0.6204179094579072,0.8456600327081958,2.557783033249668,-1.03961004150839,-1.4750386823045858
-0.05275401360971177,-0.6200870100871015,0.8454259808618874,2.557917455238115,-1.0397336508190809,-1.4755459027255207
-0.052981671171202116,-0.6197554836867541,0.8451915078879417,2.558051742367345,-1.0398580338842496,-1.4760525218652094
-0.05320911246118598,-0.6194233308127338,0.8449566143446243,2.558185895027413,-1.0399831845358898,-1.476558547144103
-0.05343632959431677,-0.6190905451464738,0.8447212955176635,2.558319912695296,-1.0401091152975142,-1.4770639778088408
-0.05366332376235583,-0.6187571370902777,0.8444855589424565,2.5584537919152828,-1.040235815749957,-1.4775688069014559
-0.05389009675159784,-0.6184231070767745,0.8442494049750029,2.5585875321053897,-1.0403632842799042,-1.478073036805059
-0.0541166504528201,-0.6180884540843353,0.8440128329255443,2.5587211331012822,-1.0404915205438956,-1.4785766712519672
-0.05434298177033625,-0.6177531775575821,0.8437758423361998,2.558854593690247,-1.0406205278128384,-1.4790797089083076
-0.05456909091501316,-0.6174172826344311,0.8435384369237657,2.5589879117160304,-1.040750301361176,-1.4795821465582601
-0.054794977705405756,-0.6170807708664477,0.8433006178102622,2.559121085940206,-1.040880840125855,-1.480083983763591
-0.05502064196390499,-0.6167436440343853,0.8430623862830262,2.559254115067224,-1.0410121428264336,-1.4805852198868013
-0.0552460835151285,-0.6164059039387793,0.8428237436434198,2.5593869978025974,-1.0411442081601825,-1.4810858542899812
-0.055471302189017635,-0.616067552381993,0.8425846911942294,2.559519732857224,-1.0412770348180795,-1.4815858863336802
-0.055696297823612184,-0.6157285911654713,0.8423452302375463,2.5596523189494667,-1.041410621483853,-1.4820853153958768
-0.055921070265297246,-0.6153890220840764,0.8421053620708312,2.559784754806144,-1.041544966839921,-1.4825841408674485
-0.05614561936956619,-0.6150488469277043,0.8418650879879408,2.559917039162873,-1.04168006956426,-1.4830823621625566
-0.05636994499992731,-0.6147080674767188,0.8416244092760441,2.5600491707641213,-1.0418159283369859,-1.4835799787055557
-0.0565940470286197,-0.6143666855072555,0.8413833272191868,2.5601811483630414,-1.04195254183307,-1.484076989946445
-0.05681792533502339,-0.6140247027863337,0.8411418430950302,2.5603129707212644,-1.0420899087300033,-1.4845733953433504
-0.05704157980613722,-0.6136821210768554,0.8408999581782242,2.5604446366086187,-1.0422280277012388,-1.4850691943753698
-0.05726501033545084,-0.6133389421351653,0.8406576737387956,2.560576144802869,-1.0423668974204197,-1.485564386531992
-0.057488216823006866,-0.6129951677139877,0.8404149910441427,2.560707494089445,-1.0425065165577951,-1.486058971319382
-0.05771119917442036,-0.6126507995603864,0.8401719113576886,2.560838683261195,-1.0426468837838225,-1.4865529482512014
-0.05793395741634022,-0.6123058394010288,0.8399284359306902,2.5609697111435596,-1.0427879976877337,-1.4870463169758896
-0.05815649148854085,-0.6119602888252098,0.8396845659135108,2.5611005765875543,-1.042929857057368,-1.4875390771802905
-0.058378801302692906,-0.6116141495297543,0.8394403025332662,2.5612312784157107,-1.043072460601918,-1.4880312284365842
-0.05860088585894019,-0.6112674234047271,0.8391956471357056,2.5613618152424507,-1.0432158075938038,-1.4885227693352978
-0.05882274610986471,-0.6109201132195421,0.8389506017429982,2.561492185806994,-1.043359894884,-1.4890136994999235
-0.05904438256626676,-0.6105722193930052,0.8387051666754721,2.561622389388658,-1.043504721886372,-1.4895040201175809
-0.05926579451083569,-0.610223742912756,0.8384593426353346,2.5617524249029233,-1.0436502884847554,-1.4899937308025317
-0.059486982853094617,-0.6098746861276252,0.8382131313412833,2.561882291203959,-1.0437965919556107,-1.4904828314849736
-0.05970794800361645,-0.609525049490839,0.8379665331366146,2.562011987553781,-1.0439436317596593,-1.4909713232260624
-0.059928681383730975,-0.609174835406049,0.8377195495634142,2.56214151112657,-1.0440914128888727,-1.4914591974604987
-0.060149190433847366,-0.6088240554583201,0.8374721891335652,2.5622708595693084,-1.0442399186037876,-1.491946452303225
-0.060369474070059326,-0.608472702731183,0.8372244468523071,2.5624000338059467,-1.0443891564987293,-1.4924330936398322
-0.06058953439442227,-0.6081207792180389,0.8369763242094472,2.5625290330199784,-1.0445391231992749,-1.4929191227681633
-0.060809369110780054,-0.6077682842596236,0.8367278206856703,2.5626578563063367,-1.0446898214244664,-1.4934045392801163
-0.06102897859058043,-0.6074152222406298,0.8364789394511707,2.562786501941085,-1.0448412469718333,-1.4938893409680765
-0.06124836275909207,-0.6070615945992958,0.8362296815460564,2.562914968883936,-1.0449933987687627,-1.4943735276731196
-0.061467521564339656,-0.606707403101063,0.8359800482462956,2.563043256019719,-1.0451462754161316,-1.4948570989855836
-0.06168645495643865,-0.6063526495149583,0.8357300408303541,2.5631713622381325,-1.0452998755084777,-1.4953400545004105
-0.06190517017737118,-0.6059973343729386,0.835479659857409,2.5632992880131344,-1.045454192813056,-1.4958224012195167
-0.062123657936963284,-0.6056414513191477,0.835228900549831,2.563427032682063,-1.0456092411477185,-1.496304137232297
-0.06234191900584385,-0.6052850133840486,0.8349777723019467,2.5635545924447465,-1.0457650078474612,-1.4967852536664958
-0.0625599533926211,-0.6049280222755591,0.8347262763487819,2.563681966241679,-1.045921491512229,-1.4972657502407964
-0.0627777611074114,-0.6045704797043848,0.8344744139273081,2.563809153018077,-1.0460786907369233,-1.497745626677148
-0.06299534216176816,-0.6042123873834819,0.834222186276083,2.563936151723887,-1.0462366041121265,-1.4982248826993068
-0.06321270660719502,-0.6038537452780296,0.8339695936155742,2.564062963474464,-1.0463952236105023,-1.4987035281602532
-0.06342984420361475,-0.6034945433853172,0.8337166285244284,2.564189588369335,-1.0465545672795482,-1.4991815632859584
-0.06364675580957169,-0.6031347957640432,0.8334633011340009,2.564316022434438,-1.0467146213949214,-1.499658978551388
-0.06386344143515554,-0.6027745041401616,0.8332096126922135,2.564442264633738,-1.0468753845323366,-1.5001357736696368
-0.0640799010921338,-0.602413670240668,0.832955564447742,2.5645683139361464,-1.0470368552643734,-1.5006119483543099
-0.06429613518354316,-0.6020522957263618,0.8327011576109533,2.564694169398875,-1.047199031902042,-1.5010875027163968
-0.06451213769168263,-0.6016903828751335,0.8324463936812352,2.5648198288402346,-1.0473619174678235,-1.5015624308452509
-0.06472792043856934,-0.6013279394605988,0.8321912785330454,2.564945291774705,-1.0475254950974386,-1.502036737814435
-0.06494347627148489,-0.6009649532425299,0.831935803211548,2.5650705593942056,-1.047689782425621,-1.502510428312569
-0.06515880494423776,-0.6006014342912692,0.8316799749509265,2.5651956286050837,-1.047854770372302,-1.5029834951990508
-0.06537390743438642,-0.6002373853320833,0.8314237957392532,2.565320498329846,-1.048020455766379,-1.5034559382434949
-0.06558878326170703,-0.5998728070126856,0.8311672660374443,2.5654451677555166,-1.0481868385964928,-1.50392775762301
-0.06580343250361409,-0.5995077016470615,0.8309103875163188,2.565569635762856,-1.0483539168198297,-1.50439895266826
-0.06601786211019878,-0.5991420697030715,0.8306531606891516,2.5656939028376198,-1.0485216844550993,-1.5048695300156065
-0.06623206451579655,-0.5987759047929471,0.8303955807952557,2.5658179686757565,-1.0486901539798619,-1.5053394893221943
-0.06644604043817814,-0.59840921802323,0.8301376558324396,2.565941830157177,-1.048859314525404,-1.505808823541818
-0.0666597899201884,-0.5980420111340375,0.8298793870583259,2.5660654863167967,-1.0490291646143854,-1.5062775324412494
-0.06687331300642274,-0.5976742858670496,0.8296207757316321,2.5661889361944974,-1.0491997027655644,-1.5067456157897585
-0.06708660974331426,-0.5973060439657814,0.8293618231123494,2.566312178835151,-1.0493709274933776,-1.5072130733601115
-0.06729968017889831,-0.5969372871744586,0.8291025304609909,2.566435213288586,-1.049542837309553,-1.5076799049251368
-0.06751253122734191,-0.5965680159475651,0.8288428982829759,2.5665580400524757,-1.0497154262578152,-1.508146117037606
-0.06772515578216343,-0.5961982238105676,0.8285829217671541,2.5666806589360895,-1.0498887065342175,-1.5086117098111964
-0.06793755487065845,-0.5958279212876175,0.8283226084969528,2.5668030670810653,-1.0500626675441203,-1.5090766770146038
-0.06814972850321688,-0.5954571096849473,0.8280619594177994,2.5669252636520934,-1.0502373082404415,-1.5095410187305967
-0.06836167672604354,-0.5950857907653903,0.827800975803449,2.567047247716848,-1.050412627114061,-1.5100047347208123
-0.06857339958732211,-0.5947139662930127,0.8275396589285129,2.5671690183481117,-1.0505886226521064,-1.5104678247498537
-0.06878489713738034,-0.594341638033772,0.8272780100688966,2.567290574623815,-1.050765293336964,-1.5109302885874871
-0.06899616942828057,-0.5939688077536801,0.8270160305005705,2.567411915626958,-1.0509426376489635,-1.5113921260028715
-0.06920721524326812,-0.5935954774675661,0.8267537216457406,2.567533040181305,-1.0511206548847203,-1.511853335529294
-0.06941803614525544,-0.5932216504479317,0.826491085897914,2.567653947279168,-1.0512993408438265,-1.5123139170464994
-0.06962863203942149,-0.5928473265628018,0.8262281231685193,2.5677746364356926,-1.051478695920768,-1.5127738716640104
-0.06983900297874612,-0.5924725075968807,0.8259648347465758,2.5678951067500373,-1.051658718573125,-1.513233199151862
-0.07004914901792425,-0.5920971953337394,0.8257012219203603,2.568015357326503,-1.0518394072578652,-1.5136918992770207
-0.07025907021399114,-0.5917213915584708,0.8254372859791781,2.5681353872746677,-1.0520207604274248,-1.5141499718119764
-0.07046876662640322,-0.5913450980579623,0.8251730282135439,2.568255195709412,-1.0522027765292825,-1.5146074165357442
-0.07067823849443755,-0.5909683165833371,0.8249084498929244,2.568374781787466,-1.0523854538947288,-1.5150642333994664
-0.07088748595332195,-0.5905910486537024,0.8246435521178554,2.5684941447064364,-1.0525687911601265,-1.5155204224475955
-0.07109650909603715,-0.5902132959199513,0.8243783360821899,2.568613283631593,-1.0527527868714026,-1.5159759835902051
-0.07130530128719137,-0.589835061462373,0.824112803830515,2.5687321963349916,-1.052937443818643,-1.5164309101825444
-0.07151387013746735,-0.5894563551782167,0.8238469626541387,2.5688508813426094,-1.0531227464758663,-1.5168852020971229
-0.07172221430490922,-0.5890771694157161,0.8235808070469108,2.568969339711346,-1.0533087033946409,-1.5173388650884103
-0.0719303334353576,-0.5886975070082652,0.8233143390373971,2.569087570290826,-1.053495312368921,-1.5177918978306912
-0.07213823439471767,-0.5883173690945931,0.823047559627343,2.569205573461898,-1.0536825667827128,-1.51824430611873
-0.07234590979622091,-0.5879367492567145,0.8227804640410445,2.569323349027813,-1.0538704790597349,-1.5186960898122803
-0.07255336049400896,-0.5875556587942924,0.8225130603991802,2.5694408941529834,-1.054059037956665,-1.5191472422537713
-0.07276058495462934,-0.5871740998124428,0.8222453501773614,2.56955820768901,-1.0542482429376683,-1.5195977617296539
-0.072967585640761,-0.5867920759713803,0.8219773360676967,2.5696752887804983,-1.0544380886578808,-1.5200476486050265
-0.07317436239379305,-0.5864095859466838,0.8217090171269277,2.5697921372648627,-1.0546285766867272,-1.520496904820024
-0.0733809153068794,-0.5860266315312977,0.8214403946494553,2.5699087523323763,-1.0548197054249793,-1.520945530209552
-0.07358724404597616,-0.5856432146057583,0.8211714699811812,2.5700251330918786,-1.0550114735466565,-1.5213935241965562
-0.07379334870688403,-0.5852593375917855,0.8209022448661245,2.570141278607309,-1.0552038788516809,-1.5218408861621577
-0.07399922940900971,-0.5848750023563848,0.8206327206520219,2.5702571880729943,-1.055396919646671,-1.522287615908988
-0.0742048862666902,-0.5844902106759134,0.8203628986213811,2.570372860707986,-1.0555905943267256,-1.5227337133147603
-0.07441031939564269,-0.5841049643252132,0.8200927800556999,2.5704882957362516,-1.055784901287072,-1.5231791782528716
-0.07461553554438538,-0.5837192636778165,0.8198223654093502,2.570603493715372,-1.0559798347081037,-1.5236240168915762
-0.07482052740028955,-0.5833331023095849,0.81955164990572,2.5707184544901276,-1.056175406982976,-1.5240682291681746
-0.07502529587095363,-0.5829464915826558,0.8192806417034499,2.570833175345213,-1.0563716067338074,-1.5245118085807816
-0.07522984107993125,-0.5825594332756563,0.8190093420865523,2.5709476555248245,-1.0565684323418505,-1.5249547550172133
-0.07543416315286855,-0.5821719291686561,0.8187377523399935,2.5710618942782677,-1.0567658821840882,-1.525397068370773
-0.07563826221680259,-0.5817839810401761,0.8184658737476989,2.5711758908597457,-1.0569639546376468,-1.5258387485306728
-0.07584213840111342,-0.5813955906712243,0.8181937075952401,2.5712896445286413,-1.0571626480738299,-1.5262797953950842
-0.07604579183676297,-0.5810067598420658,0.8179212551676822,2.571403154549286,-1.057361960862883,-1.5267202088607854
-0.07624922265691758,-0.5806174903348298,0.8176485177513184,2.5715164201911462,-1.0575618913701377,-1.527159988831615
-0.0764524309963539,-0.5802277839310018,0.8173754966319979,2.5716294407286395,-1.0577624379597073,-1.527599135210445
-0.07665541699189049,-0.579837642413227,0.8171021930963263,2.5717422154412635,-1.0579635989918237,-1.5280376479050408
-0.07685818078205209,-0.5794470675638997,0.8168286084307232,2.5718547436134895,-1.0581653728249114,-1.528475526823563
-0.07706072250747287,-0.5790560611668474,0.8165547439225449,2.5719670245348856,-1.0583677578130946,-1.5289127718800493
-0.07726304277847085,-0.5786646249026307,0.8162806007979775,2.572079057591803,-1.0585707520141616,-1.5293493834261822
-0.07746514192905707,-0.5782727598100488,0.816006179817407,2.5721908422664383,-1.058774354327535,-1.529785362057409
-0.07766702005748272,-0.5778804673045854,0.8157314820040744,2.5723023779300838,-1.0589785634917341,-1.530220707909292
-0.077868677297662,-0.5774877491933894,0.8154565086616818,2.572413663883248,-1.0591833778407098,-1.5306554208777892
-0.07807011378483608,-0.5770946072812861,0.815181261092353,2.5725246994313116,-1.0593887957095673,-1.5310895008530472
-0.07827132965655093,-0.5767010433748702,0.8149057405993592,2.5726354838848415,-1.0595948154285029,-1.5315229477326577
-0.07847232505244328,-0.5763070592816305,0.8146299484865311,2.572746016559522,-1.0598014353241036,-1.5319557614188712
-0.07867310011363315,-0.575912656807385,0.8143538860565522,2.572856296775943,-1.0600086537231375,-1.532387941810339
-0.07887365498380028,-0.5755178377608233,0.8140775546139798,2.572966323859961,-1.0602164689458322,-1.5328194888168336
-0.07907398980814051,-0.5751226039491432,0.8138009554623409,2.5730760971423403,-1.0604248793123308,-1.5332504023451754
-0.0792741047340364,-0.5747269571808449,0.8135240899059877,2.5731856159589794,-1.0606338831385582,-1.5336806823083016
-0.07947399991066018,-0.5743308992641046,0.8132469592490175,2.5732948796507675,-1.0608434787386225,-1.5341103286200426
-0.07967366902839856,-0.5739344334815065,0.8129695656705334,2.5734038863220676,-1.0610536684544607,-1.5345393352521672
-0.07987311956418885,-0.5735375698611842,0.812691916537708,2.5735126347566655,-1.0612644365907042,-1.5349677019966792
-0.08007235082523412,-0.5731403005360801,0.8124140062283227,2.5736211261354174,-1.0614757913961972,-1.535395434892534
-0.08027136296859894,-0.5727426273161087,0.8121358360474407,2.5737293598194446,-1.0616877311732105,-1.5358225338678198
-0.08047015615314113,-0.5723445520109173,0.8118574072998976,2.5738373351748396,-1.0619002542221179,-1.536248998851861
-0.08066873053960588,-0.5719460764302763,0.8115787212905605,2.5739450515726916,-1.0621133588408114,-1.5366748297765256
-0.08086708514007057,-0.5715472026507613,0.8112997794827685,2.574052508170353,-1.062327044039835,-1.5371000255244156
-0.08106522656062154,-0.5711479327617697,0.8110205835581628,2.574159705223414,-1.0625413024152621,-1.537524590693504
-0.08126314773368648,-0.5707482605474018,0.8107411289008759,2.5742666426477423,-1.0627561460198147,-1.5379485252961456
-0.08146084972751932,-0.570348197453693,0.8104614237103291,2.5743733180686355,-1.0629715631819225,-1.5383718233116144
-0.08165833274817302,-0.569947745233088,0.8101814692506011,2.574479730903774,-1.0631875522114593,-1.5387944847682373
-0.08185559700291112,-0.5695469056369503,0.8099012667850096,2.5745858805754223,-1.063404111417955,-1.5392165096919999
-0.08205264270054524,-0.5691456804169627,0.8096208175770405,2.5746917665105498,-1.063621239108515,-1.5396378981111414
-0.08224947005161276,-0.5687440713258168,0.8093401228908004,2.574797388140898,-1.06383893358678,-1.540058650058488
-0.0824460792680739,-0.5683420801159378,0.8090591839901728,2.574902744902857,-1.0640571931548164,-1.540478765567351
-0.08264247692314974,-0.5679397070276392,0.8087780012389105,2.575007837426199,-1.0642760121864707,-1.5408982504187672
-0.08283865597486706,-0.5675369455964894,0.8084965698465543,2.575112665696096,-1.0644954029650606,-1.5413171048210577
-0.08303461791376332,-0.5671338071953532,0.8082148979662573,2.575217227491346,-1.064715353513775,-1.5417353232058326
-0.08323036338085199,-0.5667302928628069,0.8079329863650848,2.5753215224619272,-1.0649358624510976,-1.5421529064129442
-0.08342589249047094,-0.5663264036232046,0.8076508357855112,2.5754255501884358,-1.0651569288544216,-1.5425698548908717
-0.08362120543094154,-0.5659221412892375,0.8073684475334275,2.5755293101159875,-1.065378550983745,-1.542986168612524
-0.08381630239253113,-0.5655175076736138,0.8070858229146518,2.5756328016946566,-1.0656007270965704,-1.5434018475543194
-0.08401118356745219,-0.5651125045890935,0.8068029632349516,2.5757360243794687,-1.0658234554478683,-1.54381689169628
-0.08420584914945017,-0.5647071338468136,0.8065198697989313,2.57583897763022,-1.06604673429257,-1.54423130101658
-0.08440029933464288,-0.5643013972598098,0.8062365439123664,2.575941660911823,-1.0662705618803432,-1.5446450755030054
-0.08459453432054076,-0.5638952966390115,0.805952986879547,2.5760440736938888,-1.066494936461556,-1.5450582151398962
-0.08478855430679211,-0.5634888337963626,0.8056692000053443,2.5761462154510357,-1.0667198562826485,-1.5454707199183095
-0.08498235321513548,-0.563082012083467,0.8053851855130918,2.576248084516507,-1.0669453234330188,-1.5458825842397523
-0.08517593845221505,-0.5626748415238455,0.8051009507519251,2.5763496798584775,-1.0671713221879624,-1.546293807906074
-0.08536930931384923,-0.5622673141887805,0.8048164900696415,2.576451002644997,-1.067397860885743,-1.5467043967386653
-0.08556246600698891,-0.5618594318894178,0.8045318047701979,2.5765520523701553,-1.0676249377643057,-1.5471143507400946
-0.08575540874027432,-0.5614511964362777,0.8042468961570393,2.576652828532824,-1.0678525510601433,-1.547523669914275
-0.08594813772397192,-0.5610426096390074,0.8039617655329314,2.576753330636622,-1.0680806990086793,-1.5479323542656513
-0.08614065317015829,-0.5606336733071893,0.8036764142004977,2.576853558189989,-1.0683093798430727,-1.5483404038018271
-0.08633295529288354,-0.5602243892510478,0.8033908434626831,2.5769535107062516,-1.0685385917931696,-1.5487478185358843
-0.086525044307602,-0.5598147592791438,0.803105054621227,2.577053187703362,-1.0687683330889481,-1.5491545984788317
-0.08671692043185075,-0.559404785201203,0.8028190489785354,2.5771525887041977,-1.0689986019563142,-1.5495607436488554
-0.08690858388464662,-0.5589944688256733,0.8025328278360608,2.57725171323628,-1.0692293966207456,-1.5499662540633246
-0.08710003488676499,-0.5585838119609259,0.8022463924950958,2.577350560831898,-1.0694607153055151,-1.550371129742716
-0.0872912736607967,-0.5581728164154872,0.8019597442569246,2.5774491310281222,-1.0696925562313488,-1.5507753707113763
-0.08748230043086913,-0.5577614839969721,0.801672884422119,2.5775474233666746,-1.069924917618027,-1.5511789769940139
-0.08767311542295442,-0.5573498165133577,0.801385814291375,2.577645437394061,-1.0701577976824908,-1.5515819486198839
-0.08786371886447242,-0.5569378157714058,0.8010985351644697,2.5777431726613833,-1.0703911946412046,-1.5519842856176054
-0.0880541109848938,-0.5565254835791625,0.8008110483419149,2.577840628724609,-1.0706251067064352,-1.552385988023352
-0.08824429201480655,-0.5561128217421868,0.8005233551224569,2.5779378051441344,-1.0708595320918854,-1.5527870558684937
-0.08843426218702355,-0.555699832068077,0.8002354568060723,2.57803470148529,-1.0710944690059472,-1.5531874891944337
-0.08862402173546169,-0.5552865163619914,0.7999473546910019,2.578131317317813,-1.0713299156583986,-1.553587288037906
-0.0888135708960327,-0.5548728764302628,0.7996590500761407,2.5782276522162557,-1.071565870255012,-1.5539864524428413
-0.08900290990601789,-0.5544589140779126,0.7993705442593919,2.5783237057596864,-1.0718023310012748,-1.5543849824522036
-0.08919203900453887,-0.5540446311105915,0.7990818385389482,2.5784194775319023,-1.0720392960994987,-1.5547828781143602
-0.08938095843212679,-0.5536300293328739,0.7987929342121638,2.578514967121222,-1.0722767637513757,-1.555180139477479
-0.08956966843083158,-0.5532151105487361,0.7985038325758653,2.5786101741205267,-1.072514732157277,-1.5555767665910871
-0.08975816924446711,-0.5527998765625683,0.7982145349270251,2.578705098127372,-1.072753199514736,-1.5559727595094124
-0.08994646111839621,-0.552384329178362,0.7979250425622166,2.5787997387438786,-1.0729921640196807,-1.5563681182886977
-0.09013454429943302,-0.5519684701993302,0.797635356777366,2.5788940955766777,-1.073231623867007,-1.5567628429859515
-0.09032241903576033,-0.5515523014276204,0.7973454788675567,2.5789881682368616,-1.0734715772510155,-1.5571569336580062
-0.09051008557765083,-0.5511358246672647,0.7970554101289831,2.579081956340332,-1.0737120223610048,-1.5575503903712153
-0.09069754417618547,-0.5507190417190355,0.7967651518555421,2.579175459507163,-1.0739529573889834,-1.5579432131845237
-0.0908847950844347,-0.5503019543852312,0.7964747053420003,2.5792686773621742,-1.0741943805225034,-1.558335402165225
-0.09107183855710499,-0.5498845644683247,0.796184071883097,2.5793616095347547,-1.0744362899467033,-1.5587269573844964
-0.0912586748496329,-0.5494668737673006,0.79589325277112,2.5794542556583955,-1.0746786838497893,-1.559117878905352
-0.09144530421987795,-0.5490488840845436,0.7956022493004582,2.5795466153715387,-1.0749215604127402,-1.5595081668053083
-0.0916317329754417,-0.548630595606492,0.7953110617947194,2.5796386893384318,-1.075164914206615,-1.5598978263068313
-0.09181795433419548,-0.5482120019686466,0.7950196855553844,2.5797304776517795,-1.0754087572811242,-1.560286857742477
-0.09200396953745127,-0.5477931147375315,0.7947281288282437,2.579821978478862,-1.0756530775814057,-1.5606752557397672
-0.09218977884858859,-0.5473739357126621,0.794436392905197,2.5799131914757147,-1.0758978732843143,-1.5610630203794942
-0.09237538253241695,-0.5469544666931238,0.7941444790777044,2.5800041163027903,-1.0761431425652483,-1.5614501517443304
-0.09256078085487651,-0.5465347094763905,0.7938523886360049,2.5800947526247904,-1.0763888835999227,-1.5618366499149337
-0.09274597408352214,-0.5461146658603089,0.7935601228704265,2.580185100110913,-1.0766350945614112,-1.5622225149764732
-0.09293096248732802,-0.5456943376423645,0.7932676830708969,2.5802751584347448,-1.0768817736212513,-1.5626077470162196
-0.09311574633652953,-0.5452737266190486,0.7929750705265279,2.580364927274167,-1.0771289189504,-1.562992346121438
-0.09330032590310644,-0.5448528345878636,0.7926822865269334,2.580454406311609,-1.077376528716236,-1.5633763123860205
-0.09348470210971982,-0.5444316631660235,0.7923893322529096,2.5805435953406026,-1.07762460070339,-1.5637596464432064
-0.09366887536143409,-0.5440102130219624,0.7920962081980827,2.5806324942446794,-1.0778731340520402,-1.5641423491656274
-0.0938528399528149,-0.5435884871812086,0.791802916347613,2.5807211017992255,-1.0781221308605193,-1.564524415877305
-0.09403660317141771,-0.5431664955106764,0.7915094639077855,2.580809417292419,-1.078371575512805,-1.5649058464481103
-0.09422016431892644,-0.5427442299752989,0.7912158451763536,2.580897441854149,-1.0786214764793614,-1.5652866463455926
-0.09440352369968963,-0.5423216923026922,0.7909220613937777,2.580985175201701,-1.0788718319640318,-1.56566681571838
-0.09458668161908523,-0.5418988842181837,0.7906281137988316,2.5810726170563414,-1.0791226401718126,-1.5660463547122956
-0.09476963838448338,-0.5414758074486402,0.7903340036311253,2.581159767143832,-1.0793738993030935,-1.5664252634830953
-0.09495239430413172,-0.5410524637180018,0.7900397321281578,2.581246625193813,-1.07962560756036,-1.5668035421817315
-0.09513494968757641,-0.5406288547489793,0.7897453005264308,2.581333190940026,-1.0798777631456435,-1.567181190960029
-0.09531729892661467,-0.5402049839127381,0.7894507110558822,2.581419463169797,-1.0801303677426866,-1.5675582050649117
-0.095499448952717,-0.5397808611403806,0.7891559709521694,2.581505441168604,-1.0803834059563782,-1.567934584099199
-0.09568139820680166,-0.5393564791939617,0.7888610750560874,2.581591125833189,-1.0806368862323645,-1.5683103324107972
-0.09586314713232547,-0.5389318413145116,0.7885660256810185,2.5816765167021236,-1.080890805190534,-1.5686854493320141
-0.09604469602279231,-0.5385069492873298,0.7882708241057124,2.5817616135225014,-1.0811451609824536,-1.5690599349841043
-0.09622604517270616,-0.538081804895516,0.7879754716072638,2.581846416045429,-1.0813999517607997,-1.5694337894854942
-0.09640719487796634,-0.5376564099215219,0.787679969462137,2.5819309240262305,-1.0816551756770227,-1.5698070129569526
-0.09658815131071208,-0.5372307644890797,0.7873843179455764,2.582015138150621,-1.0819108274387488,-1.5701796103545653
-0.09676890785412517,-0.5368048622783582,0.7870885124046185,2.5820990585710852,-1.0821669189545062,-1.570551582083889
-0.0969494658354062,-0.5363787148215532,0.7867925610387898,2.5821826837234436,-1.082423438075155,-1.570922923118513
-0.09712982555572758,-0.5359523238975751,0.7864964651213948,2.582266013379627,-1.0826803829487623,-1.5712936335852083
-0.09730998731777518,-0.5355256912852474,0.7862002259254668,2.5823490473158155,-1.0829377517213388,-1.57166371361508
-0.09748995142522254,-0.5350988187612336,0.7859038447224003,2.582431785312128,-1.0831955425399515,-1.57203316333672
-0.09766971818313053,-0.5346717081016551,0.7856073227830143,2.5825142271528443,-1.0834537535503028,-1.5724019828815932
-0.09784928789816316,-0.5342443610829408,0.7853106613781118,2.5825963726265218,-1.0837123828954442,-1.5727701723868992
-0.09802866087784778,-0.5338167794789223,0.7850138617765627,2.582678221525558,-1.0839714287201507,-1.5731377319859445
-0.09820783743118433,-0.5333889650632623,0.7847169252469017,2.582759773646537,-1.0842308891672727,-1.5735046618162343
-0.09838681786822079,-0.5329609196077745,0.7844198530562196,2.5828410287899723,-1.0844907623802607,-1.5738709620139228
-0.0985656025006385,-0.5325326448847831,0.7841226464717166,2.5829219867606428,-1.0847510464996206,-1.5742366327216768
-0.09874419164110648,-0.532104142664546,0.7838253067590015,2.5830026473672025,-1.0850117396667873,-1.5746016740801443
-0.09892258612574345,-0.5316754145644094,0.7835278350908714,2.5830830105016447,-1.0852728397202276,-1.5749660866517612
-0.09910078631125252,-0.5312464614350876,0.7832302320846605,2.583163076113299,-1.0855343456513606,-1.5753298711413082
-0.09927879249869598,-0.5308172848086387,0.7829324988370732,2.583242844051649,-1.0857962558403709,-1.5756930278168682
-0.09945660501290554,-0.5303878864267153,0.7826346365933254,2.58332231414262,-1.0860585684440172,-1.5760555568362542
-0.09963422418003098,-0.5299582680303146,0.7823366465979653,2.583401486216119,-1.0863212816178716,-1.5764174583601556
-0.09981165032758454,-0.5295284313599764,0.7820385300950039,2.583480360106057,-1.0865843935160169,-1.5767787325528297
-0.09998888378386006,-0.5290983781534784,0.7817402883263913,2.5835589356499864,-1.086847902294525,-1.5771393795744633
-0.10016592487878917,-0.5286681101492318,0.7814419225342548,2.5836372126896068,-1.0871118061063287,-1.5774993995925273
-0.10034277394305846,-0.5282376290828146,0.7811434339586127,2.5837151910702287,-1.087376103106458,-1.577858792770245
-0.10051943130886354,-0.5278069366899374,0.7808448238393231,2.583792870641216,-1.0876407914475608,-1.5782175592765322
-0.10069589730927575,-0.5273760347039611,0.780546093414451,2.5838702512555938,-1.087905869283648,-1.5785756992777422
-0.10087217227884437,-0.5269449248582693,0.7802472439218255,2.583947332770407,-1.088171334766511,-1.5789332129456333
-0.10104825655282923,-0.526513608883255,0.7799482765970551,2.5840241150462413,-1.0884371860502715,-1.5792901004473385
-0.10122414475775354,-0.5260820902049281,0.7796491937035515,2.5841005971125206,-1.088703424570162,-1.579646357420558
-0.10139984402097646,-0.5256503785657519,0.7793500023229667,2.5841767785036414,-1.0889700348593812,-1.5800019837377883
-0.1015753536147983,-0.5252184659884265,0.7790506968143429,2.5842526602778,-1.0892370253888823,-1.580356984447497
-0.10175067387908321,-0.5247863541983545,0.778751278408969,2.584328242310747,-1.0895043943115084,-1.5807113597224407
-0.10192580515512972,-0.5243540449208357,0.7784517483378033,2.584403524482175,-1.0897721397780664,-1.5810651097405908
-0.10210074778508904,-0.5239215398787583,0.7781521078299543,2.5844785066753424,-1.0900402599408063,-1.581418234677469
-0.10227550195550528,-0.5234888408420565,0.7778523581428121,2.5845531887548883,-1.0903087530398512,-1.5817707345901861
-0.1024500675822626,-0.52305594993603,0.7775525007760584,2.5846275705143644,-1.0905776172049362,-1.5821226091601783
-0.10262444527982684,-0.5226228696118527,0.7772525374788395,2.5847016517836496,-1.0908468496449233,-1.582473858331741
-0.10279863535143363,-0.5221896012821838,0.7769524692594683,2.584775432497462,-1.0911164488446448,-1.5828244824291322
-0.10297263813794011,-0.5217561466857288,0.7766522973566836,2.5848489125561773,-1.0913864129390862,-1.5831744816253823
-0.10314645654950017,-0.521322506780852,0.7763520225348035,2.5849220922265617,-1.0916567385994322,-1.583523858099726
-0.10332008833858275,-0.5208886795288791,0.776051643296984,2.584994971624616,-1.0919274298607107,-1.5838726125317961
-0.1034935286302554,-0.5204546719600827,0.7757511644548316,2.5850675494537674,-1.092198484234129,-1.5842207389452938
-0.10366678450206734,-0.5200204937458307,0.7754505930272106,2.585139825323699,-1.0924698863342024,-1.5845682372181713
-0.10383985495140813,-0.5195861370086331,0.7751499234419787,2.5852118002303563,-1.0927416447822607,-1.5849151120649005
-0.10401274013175232,-0.5191516040000382,0.7748491572921528,2.585283474009364,-1.09301375737588,-1.585261363245427
-0.10418544032212473,-0.5187168969031317,0.7745482961257029,2.58535484652289,-1.0932862218690917,-1.58560699064528
-0.10435795556674776,-0.5182820177455955,0.7742473413740614,2.585425917632819,-1.0935590363697105,-1.585951994090463
-0.10453028631102956,-0.5178469688083526,0.7739462946582396,2.5854966872143246,-1.0938321983922943,-1.586296373509693
-0.1047024385154387,-0.5174117500375693,0.7736451561175177,2.585567155982176,-1.0941057029428929,-1.5866401334555795
-0.1048744058614055,-0.5169763551672145,0.7733439211631454,2.5856373241785,-1.0943795616873917,-1.5869832744536254
-0.10504618981412861,-0.5165407955182594,0.7730425978049302,2.5857071906816653,-1.0946537624804202,-1.5873257920684452
-0.10521779080558424,-0.5161050727458283,0.7727411872220804,2.585776755455804,-1.094928303453446,-1.5876676865654444
-0.1053892092868729,-0.5156691883935224,0.7724396905156663,2.58584601848347,-1.095203182829017,-1.5880089582837154
-0.10556044558960664,-0.5152331439863566,0.772138108770025,2.585914979740277,-1.0954783989510344,-1.5883496074967889
-0.10573150006898668,-0.5147969412461179,0.7718364432082696,2.585983639183769,-1.0957539499512337,-1.5886896343863803
-0.10590237308108819,-0.5143605818928271,0.771534695052043,2.586051996774925,-1.0960298339619716,-1.589029039133869
-0.10607306498271463,-0.5139240676441628,0.7712328655211413,2.5861200524780563,-1.0963060491170868,-1.5893678219184422
-0.10624357613208524,-0.5134874002181375,0.7709309558352673,2.5861878062612518,-1.0965825935478382,-1.5897059829261597
-0.10641390717962818,-0.5130505812385058,0.7706289671562145,2.5862552581344747,-1.096859465223798,-1.5900435225612288
-0.10658405821227124,-0.5126136119781257,0.7703269003825621,2.586322408097045,-1.0971366629436516,-1.5903804410816709
-0.10675402963969027,-0.5121764945204638,0.7700247569915537,2.586389256088353,-1.0974141844376633,-1.5907167385030239
-0.10692382182805993,-0.51173923056257,0.7697225381874482,2.586455802091453,-1.0976920278495343,-1.5910524150161443
-0.10709343514498393,-0.5113018218015121,0.7694202451741883,2.5865220460931058,-1.097970191320719,-1.591387470818591
-0.10726286995874545,-0.5108642699314709,0.7691178791534954,2.5865879880832585,-1.0982486729948224,-1.5917219061049046
-0.10743212663884627,-0.5104265766458301,0.7688154413262347,2.5866536280554047,-1.0985274710144324,-1.5920557210736928
-0.10760120579023003,-0.509988743560142,0.7685129328452831,2.586718966036482,-1.0988065833936096,-1.592388916096079
-0.10777010809886889,-0.5095507718382719,0.7682103545484105,2.5867840021146846,-1.0990860085143919,-1.5927214918360304
-0.1079388283981153,-0.5091126642671261,0.7679077082426091,2.58684873565435,-1.0993657482608772,-1.5930534446680586
-0.10810737366145506,-0.5086744303621616,0.7676050008095574,2.586913166409673,-1.0996457874306897,-1.5933847744982266
-0.10827574315184485,-0.5082360622092765,0.7673022266721938,2.58697729536072,-1.099926134471756,-1.5937154859825726
-0.10844393724845425,-0.5077975614763243,0.7669993870123162,2.5870411225204273,-1.1002067875406456,-1.594045579331014
-0.10861195633086673,-0.5073589298269228,0.7666964830085972,2.5871046479046016,-1.1004877447980015,-1.5943750547467483
-0.10877980078008864,-0.5069201689243786,0.7663935158391588,2.58716787153261,-1.1007690044025782,-1.5947039124395368
-0.1089474709775704,-0.5064812804278476,0.7660904866790519,2.5872307934266865,-1.1010505645170547,-1.5950321526128524
-0.10911496730613646,-0.5060422659959429,0.7657873967026196,2.587293413612568,-1.1013324233025537,-1.595359775476108
-0.10928228472758761,-0.5056031290296246,0.7654842481489741,2.58735573144361,-1.1016145819352177,-1.595686777202621
-0.1094494301825053,-0.5051638789856117,0.7651810478497785,2.587417746716165,-1.1018970252822156,-1.5960131577021794
-0.1096164026791433,-0.5047245080497569,0.7648777902945496,2.587479460361671,-1.1021797619212197,-1.5963389213674297
-0.10978320223635762,-0.5042850184561279,0.7645744770494618,2.5875408723242623,-1.1024627897682315,-1.5966640678914756
-0.1099498309360234,-0.5038454120760716,0.7642711094854837,2.5876019827740935,-1.1027461052975456,-1.5969885983427723
-0.11011628790065764,-0.503405688021811,0.7639676869538312,2.5876627919089223,-1.1030297102447386,-1.5973125135248152
-0.11028257199608049,-0.502965850134695,0.7636642121132287,2.5877232994115307,-1.103313601961857,-1.5976358116378004
-0.1104486835353935,-0.502525903235108,0.7633606883493296,2.587783504999847,-1.1035977755873063,-1.5979584912085258
-0.11061462323764637,-0.5020858496672949,0.7630571173232279,2.5878434086916617,-1.1038822283179022,-1.5982805522840962
-0.11078039539283324,-0.5016456893774297,0.7627534991181188,2.5879030110649164,-1.1041669565784955,-1.598601998180156
-0.11094599146552397,-0.5012054196636933,0.7624498315932562,2.5879623118496093,-1.1044519705383844,-1.5989228262896025
-0.11111142428364751,-0.5007650529961162,0.7621461238508704,2.5880213110880352,-1.104737246982736,-1.5992430382886893
-0.11127668660739598,-0.5003245737673994,0.7618423647475936,2.588080009935412,-1.1050228075341775,-1.5995626389473632
-0.11144177996289173,-0.49988399311443027,0.7615385621260033,2.588138407593774,-1.1053086401141714,-1.5998816242238605
-0.11160670474421686,-0.49944331267296654,0.7612347171400877,2.588196504136975,-1.1055947428908464,-1.6001999943306822
-0.11177145319221804,-0.4990025367629207,0.7609308325888091,2.5882542986843977,-1.105881118515651,-1.6005177435416176
-0.11193603615710224,-0.4985616786435948,0.7606269180620271,2.5883117910659608,-1.1061677447112843,-1.6008348720235408
-0.1121004521840856,-0.49812072447523,0.7603229638241196,2.5883689827453757,-1.1064546363472383,-1.6011513868581992
-0.11226470167289193,-0.4976796758764114,0.7600189710161862,2.5884258738073833,-1.1067417916018765,-1.6014672882651408
-0.1124287850238872,-0.49723853446180555,0.7597149407763664,2.58848246433946,-1.1070292086568982,-1.6017825764601454
-0.11259270263823584,-0.49679730184272064,0.7594108742402015,2.588538754431916,-1.1073168856964686,-1.6020972516572423
-0.11275645491844255,-0.49635597962915295,0.7591067725419736,2.5885947441782715,-1.1076048209040834,-1.6024113140757579
-0.11292003477720325,-0.49591457192108196,0.758802638343731,2.5886504328204984,-1.1078930165627816,-1.6027247585309201
-0.1130834507010059,-0.4954730915429988,0.7584984808539037,2.5887058200688773,-1.1081814528616836,-1.6030375840849973
-0.11324670167245898,-0.49503152859411625,0.7581942931115147,2.588760907014778,-1.1084701404546198,-1.6033497959873575
-0.1134097933479552,-0.49458988298120243,0.7578900752076949,2.5888156943531038,-1.108759074603859,-1.603661398206968
-0.11357271968259308,-0.49414814870648965,0.7575858227717731,2.5888701823729106,-1.1090482665428352,-1.6039723912045094
-0.11373548220574037,-0.4937063368625884,0.7572815435998681,2.5889243703860587,-1.1093377042129258,-1.6042827710532452
-0.11389808140553725,-0.4932644490765099,0.7569772388378881,2.5889782585141092,-1.1096273857035843,-1.604592538010292
-0.11406051620356372,-0.49282248730794653,0.7566729098195482,2.5890318467250824,-1.1099173101464963,-1.6049016913035234
-0.11422278887084403,-0.49238045527012214,0.756368559198803,2.5890851350993214,-1.1102074720370922,-1.6052102311251792
-0.11438489383744521,-0.4919383537042188,0.7560641873292493,2.58913812336956,-1.1104978756166346,-1.6055181548689714
-0.11454684488560396,-0.49149619023049895,0.7557597999197996,2.5891908121843876,-1.1107885015135068,-1.6058254670637502
-0.11470863136161746,-0.4910539475232185,0.755455384555515,2.5892432025019385,-1.1110793760587037,-1.6061321712755479
-0.11487025588820465,-0.49061164210662656,0.7551509528506859,2.5892952932860855,-1.1113704809223226,-1.6064382615303017
-0.11503171910516397,-0.49016927481060035,0.754846505395641,2.5893470847646936,-1.1116618148375714,-1.606743738559968
-0.11519302194574266,-0.4897268464737502,0.7545420427950211,2.589398577187912,-1.1119533762729124,-1.6070486032432396
-0.11535416428536216,-0.4892843577649088,0.7542375655049636,2.58944977073916,-1.1122451647867344,-1.6073528559642782
-0.11551514705149302,-0.48884181085699624,0.7539330750615054,2.5895006655532873,-1.1125371775481174,-1.607656496933629
-0.115675970562096,-0.4883992065720378,0.7536285720397427,2.589551261838294,-1.1128294135784622,-1.6079595266977345
-0.11583663590379878,-0.4879565462636636,0.7533240574075073,2.5896015598155415,-1.1131218707081993,-1.6082619459455938
-0.1159971426384292,-0.48751383053853253,0.7530195315680484,2.5896515596556924,-1.1134145488302638,-1.6085637549110152
-0.11615749131108721,-0.4870710622473168,0.7527149965183968,2.5897012614152826,-1.1137074447834767,-1.6088649532636092
-0.11631768237865003,-0.4866282429990979,0.7524104533859899,2.589750665253139,-1.1140005566979152,-1.6091655412253367
-0.11647771627169412,-0.48618537429415964,0.752105903221238,2.5897997713376943,-1.1142938828326219,-1.6094655190569271
-0.11663759337479895,-0.48574245767193536,0.7518013471002298,2.589848579833055,-1.1145874214480658,-1.6097648869765013
-0.1167973140820413,-0.4852994947582431,0.7514967861593416,2.5898970908987704,-1.1148811707121498,-1.6100636451578452
-0.1169568787870423,-0.4848564871824896,0.7511922215369946,2.5899453046969967,-1.1151751287887888,-1.6103617937782335
-0.1171162878819132,-0.4844134365744528,0.7508876543715597,2.5899932213917523,-1.1154692938431185,-1.6106593330061363
-0.1172755417578557,-0.4839703445674692,0.7505830858034503,2.5900408411494436,-1.1157636640369495,-1.6109562630106076
-0.11743464080449506,-0.4835272127967554,0.7502785169740367,2.5900881641384177,-1.1160582375316475,-1.6112525839540879
-0.11759358541012066,-0.4830840429012834,0.74997394902688,2.5901351905292214,-1.1163530124856078,-1.6115482959972234
-0.11775237596138766,-0.4826408365234766,0.7496693831075434,2.5901819204944316,-1.116647987055044,-1.6118433992963037
-0.11791101284321304,-0.48219759530962425,0.7493648203638772,2.590228354208628,-1.1169431593936483,-1.6121378940032116
-0.11806949643865305,-0.48175432091002207,0.7490602619461146,2.5902744918483385,-1.1172385276526229,-1.6124317802646566
-0.11822782712897606,-0.481311014979518,0.7487557090072379,2.59032033359209,-1.117534089979977,-1.6127250582231885
-0.11838600529381793,-0.48086767917783274,0.7484511627031871,2.590365879620476,-1.1178298445199923,-1.6130177280181577
-0.11854403131106306,-0.4804243151678417,0.7481466241917336,2.5904111301158967,-1.1181257894154848,-1.61330978978094
-0.11870190555809756,-0.47998092461761926,0.7478420946337936,2.590456085263223,-1.1184219228038195,-1.6136012436449674
-0.11885962841208553,-0.4795375091961308,0.7475375751905782,2.590500745249404,-1.1187182428217917,-1.6138920897373885
-0.11901720025192741,-0.47909407057115544,0.7472330670221576,2.5905451102639523,-1.1190147476057206,-1.6141823281837455
-0.11917462146183677,-0.4786506104063032,0.7469285712853857,2.5905891804999057,-1.1193114352906057,-1.6144719591185723
-0.11933189243589215,-0.4782071303493622,0.7466240891260609,2.5906329561541916,-1.119608304018533,-1.6147609826818436
-0.11948901371073806,-0.4777636319766853,0.7463196216437193,2.590676437441371,-1.1199053518760738,-1.6150493991230537
-0.11964598539353055,-0.47732011673905744,0.7460151698383655,2.590719624557998,-1.1202025774491375,-1.6153372085252762
-0.11980281000493598,-0.47687658598509236,0.7457107347047556,2.590762517872481,-1.120499977309174,-1.615624412249455
-0.1199594858288684,-0.47643303814306526,0.7454063150886205,2.590805117679714,-1.1207975546021613,-1.6159110108499788
-0.12011600989859517,-0.47598947911946554,0.7451019150065301,2.5908474236539267,-1.121095306239931,-1.6161970007551199
-0.12027238858158196,-0.475545915533248,0.7447975392239954,2.590889436053377,-1.12139322025222,-1.6164823828495687
-0.12042862115364272,-0.4751023396738346,0.7444931823413632,2.5909311556836516,-1.1216913049361399,-1.6167671610281213
-0.12058470304545654,-0.4746587547882327,0.7441888464794539,2.5909725823161622,-1.1219895612149886,-1.6170513321540874
-0.12074064089739878,-0.47421516969803224,0.743884537941006,2.591013716077606,-1.122287974716111,-1.6173348962125578
-0.12089643398880234,-0.47377157669801556,0.7435802513315064,2.5910545577662867,-1.1225865537304116,-1.6176178570740476
-0.12105207777129312,-0.47332797901843976,0.7432759887598066,2.5910951071693757,-1.1228852991798408,-1.617900211627398
-0.12120757820495243,-0.4728843856821832,0.7429717566466434,2.591135364366853,-1.1231841970862628,-1.6181819594201927
-0.12136293606837789,-0.472440789731213,0.7426675501588944,2.5911753301957465,-1.1234832536948933,-1.6184631047084048
-0.12151814503876501,-0.4719971924636967,0.7423633700132015,2.591215004473817,-1.1237824733805282,-1.61874364438197
-0.1216732148210884,-0.471553604349524,0.7420592237338415,2.5912543874322655,-1.1240818374552182,-1.6190235792040473
-0.12182813909241297,-0.47111001446267214,0.7417551035395125,2.5912934797133524,-1.1243813622922025,-1.619302911641776
-0.12198291756826762,-0.47066643398439345,0.7414510171777864,2.5913322808772024,-1.1246810372673048,-1.6195816371327456
-0.12213755502488599,-0.4702228664406522,0.7411469672099278,2.591370791316922,-1.1249808548286357,-1.6198597571286406
-0.12229204908937064,-0.4697793068667472,0.7408429501052032,2.591409011530893,-1.125280822034222,-1.6201372733547559
-0.12244640067948254,-0.46933576018868595,0.7405389692935227,2.5914469415807777,-1.1255809333430582,-1.6204141846964073
-0.12260061025599622,-0.4688922278093652,0.7402350257441128,2.5914845817313226,-1.1258811870744718,-1.6206904914010836
-0.12275468347946017,-0.46844870925282817,0.7399311192598805,2.5915219326828067,-1.1261815788278973,-1.6209661971327214
-0.12290861035019063,-0.46800519973131316,0.7396272462316023,2.5915589944496285,-1.1264821221875938,-1.6212412997299308
-0.12306240219351139,-0.46756171440847133,0.7393234174733756,2.5915957670962135,-1.1267827924159,-1.6215157986208375
-0.12321605264679825,-0.4671182405116154,0.739019623928697,2.5916322513585666,-1.1270836077495765,-1.6217896970193746
-0.12336956325526227,-0.4666747881818739,0.7387158726614809,2.5916684470315143,-1.1273845569700922,-1.6220629917824958
-0.12352293444235052,-0.46623135892350503,0.7384121647081985,2.5917043543817533,-1.127685638329157,-1.6223356830777749
-0.12367616663136083,-0.46578795424198605,0.7381085011057156,2.5917399736781257,-1.1279868500768098,-1.6226077710750315
-0.1238292602448059,-0.4653445756417318,0.7378048828898045,2.5917753051911054,-1.1282881904649713,-1.6228792559382792
-0.12398221596589032,-0.46490122453167193,0.7375013110364881,2.5918103492137536,-1.1285896576102288,-1.6231501379986937
-0.12413503424244343,-0.4644579019046002,0.7371977862264574,2.5918451060514083,-1.1288912502445578,-1.62342041765742
-0.12428771551977569,-0.46401460908273845,0.7368943093687275,2.591879575990454,-1.1291929667789686,-1.6236900951568576
-0.12444026025461064,-0.46357134746820505,0.7365908814275777,2.591913759315402,-1.1294948055350322,-1.6239591707155372
-0.12459266890360254,-0.4631281184583508,0.7362875033637173,2.591947656312118,-1.1297967648395644,-1.6242276445441006
-0.12474493705858336,-0.4626849252382309,0.7359841772495992,2.591981266894312,-1.1300988455364245,-1.624495513722567
-0.12489707122766092,-0.46224177636162433,0.735680909165036,2.592014591298261,-1.130401033593435,-1.6247627782628333
-0.12504907069368976,-0.4617986642564313,0.7353776938188741,2.592047630257174,-1.1307033371897803,-1.625029441741017
-0.1252009372623366,-0.4613555898080017,0.7350745318506986,2.5920803841653344,-1.1310057539698768,-1.6252955052237
-0.12535266652785992,-0.460912553594373,0.7347714235249354,2.5921128530924786,-1.1313082873405063,-1.625560966936796
-0.12550426345956112,-0.46046956409016176,0.7344683748223848,2.5921450372010435,-1.1316109246965003,-1.62582582616514
-0.1256557267222682,-0.4600266167561623,0.7341653825398371,2.592176937014469,-1.1319136717799951,-1.6260900848314146
-0.12580705887070032,-0.459583714059264,0.7338624484305267,2.592208552887991,-1.1322165240193591,-1.6263537436619493
-0.12595825340349887,-0.45914085636001967,0.7335595725534163,2.592239884803622,-1.1325194868798631,-1.6266167999821202
-0.12610931790606905,-0.45869805496858856,0.7332567629160618,2.5922709329345954,-1.1328225426589027,-1.626879253107785
-0.1262602513890787,-0.458255301085495,0.7329540133735764,2.5923016980425206,-1.1331257009906681,-1.6271411069340305
-0.12641105284779286,-0.45781259681291253,0.7326513253328377,2.592332180318678,-1.1334289607923287,-1.627402360643814
-0.12656172215483252,-0.4573699466151347,0.7323487018583306,2.592362379886493,-1.1337323178828758,-1.627663012829578
-0.1267122647997745,-0.45692735182059446,0.7320461439862864,2.5923922973242473,-1.134035766226789,-1.6279230660762523
-0.12686267542329954,-0.45648480667498764,0.7317436475714958,2.592421932995352,-1.1343393163096442,-1.6281825208652394
-0.12701295554468217,-0.4560423211317976,0.7314412195190929,2.5924512868446388,-1.1346429570947711,-1.6284413742176516
-0.12716310556560195,-0.45559989672779727,0.7311388608775586,2.592480359183476,-1.1349466868168137,-1.628699626232281
-0.12731312588734056,-0.45515753499587736,0.7308365726923491,2.592509150324739,-1.1352505037150626,-1.6289572770001297
-0.12746302167932466,-0.4547152356751099,0.7305343548885364,2.592537660906362,-1.1355544035996756,-1.6292143295917738
-0.12761278738985915,-0.4542729932795847,0.7302322035041153,2.59256589126942,-1.135858396866061,-1.6294707842678218
-0.12776242459757192,-0.4538308181543097,0.7299301257107031,2.592593841371489,-1.1361624720340142,-1.6297266379350057
-0.12791193370400578,-0.45338871182389556,0.7296281225463659,2.592621511532995,-1.1364666273503752,-1.6299818906777752
-0.1280613151109602,-0.4529466758116665,0.7293261950478276,2.5926489020764008,-1.1367708610626652,-1.6302365425817362
-0.12821057396160995,-0.45250470984685376,0.7290243431302046,2.5926760136353115,-1.1370751690125807,-1.6304905966706718
-0.12835970473153324,-0.45206280847506863,0.7287225628562224,2.592702846552312,-1.1373795615453943,-1.6307440531877484
-0.1285087091843966,-0.4516209819179284,0.7284208613107999,2.5927294008276154,-1.1376840271347743,-1.6309969091916483
-0.12865758808480443,-0.45117923119402703,0.7281192391891178,2.5927556768296935,-1.1379885642057361,-1.6312491651383678
-0.12880634177607408,-0.4507375570422076,0.7278176969823065,2.5927816749187445,-1.1382931718311264,-1.6315008213913424
-0.12895497069539896,-0.4502959608746578,0.7275162356488707,2.59280739543171,-1.13859784833646,-1.6317518780812403
-0.12910347528174615,-0.44985444409327946,0.7272148561399501,2.592832838707017,-1.1389025920563975,-1.6320023353336948
-0.12925185597705813,-0.4494130080931457,0.7269135594015395,2.592858005085478,-1.1392074013289981,-1.6322521932832288
-0.12940011322538858,-0.4489716542578349,0.7266123463714527,2.592882894909358,-1.1395122745024184,-1.632501452059345
-0.1295482474740437,-0.44853038396244993,0.7263112179812561,2.5929075085232,-1.139817209929763,-1.6327501117993029
-0.12969625917313898,-0.44808919857033774,0.7260101751541264,2.5929318462732307,-1.1401222059735678,-1.632998172639377
-0.12984414877610373,-0.44764809943339784,0.7257092188050267,2.592955908507593,-1.1404272610047301,-1.633245634718694
-0.12999191913946362,-0.4472070869729543,0.7254083492650678,2.592979695718395,-1.14073237219504,-1.6334924996402402
-0.13013956659158143,-0.44676615942413606,0.7251075651954695,2.5930032081908685,-1.1410375446270369,-1.6337387669394978
-0.1302870924079924,-0.4463253246638951,0.7248068720354297,2.5930264460617054,-1.1413427695064216,-1.6339844344566445
-0.13043449699715737,-0.44588458416569177,0.7245062707805725,2.5930494096827,-1.1416480451224602,-1.634229502263197
-0.13058178542365972,-0.44544393760570605,0.7242057612994515,2.593072099672523,-1.1419533674365447,-1.6344739732297817
-0.13072895225667125,-0.4450033796163125,0.7239053397242103,2.59309451637868,-1.1422587466410645,-1.6347178475537483
-0.13087600007547628,-0.44456291991490837,0.7236050127919986,2.593116659941702,-1.1425641709723038,-1.6349611229200591
-0.13102292972903484,-0.44412255784886706,0.7233047800407855,2.593138530811316,-1.1428696404317829,-1.6352038004298548
-0.131169741568252,-0.4436822935473326,0.7230046415358649,2.5931601293864,-1.1431751546880633,-1.6354458806424728
-0.13131643146641991,-0.4432421299854874,0.7227045991975509,2.5931814557814814,-1.1434807145466483,-1.6356873609729576
-0.1314630049006862,-0.44280207544641015,0.722404658837311,2.5932025103352427,-1.1437863071001124,-1.6359282409996747
-0.13160946077878677,-0.4423621242987793,0.7221048165112567,2.593223293592678,-1.1440919389807425,-1.636168522939213
-0.1317557996835088,-0.441922278910186,0.7218050738324377,2.5932438058923735,-1.1443976074412765,-1.6364082065450924
-0.1319020266709412,-0.441482538829969,0.7215054305773481,2.593264047845959,-1.1447033085751988,-1.63664729465848
-0.13204813639919522,-0.4410428986321335,0.7212058828445933,2.5932840198040625,-1.145009052563887,-1.6368857874913176
-0.1321941301203946,-0.4406033683400568,0.720906437539719,2.5933037218857784,-1.145314828502725,-1.63712368204568
-0.13234000974276228,-0.440163949423889,0.7206070956866273,2.5933231545175417,-1.1456206333623473,-1.637360978999936
-0.1324857739270211,-0.4397246412268814,0.7203078567661101,2.593342318065138,-1.1459264690802897,-1.6375976784443955
-0.13263142356380975,-0.439285447699928,0.720008723486556,2.5933612128406884,-1.1462323310719065,-1.6378337796264153
-0.13277695867582828,-0.4388463701728915,0.7197096967290308,2.593379839206902,-1.1465382181089245,-1.6380692824510323
-0.1329223815067433,-0.438407410045337,0.7194107774746072,2.593398197609241,-1.1468441269356082,-1.6383041877529967
-0.13306768739986818,-0.43796856731500317,0.7191119655762361,2.5934162882753755,-1.1471500617696184,-1.6385384939146204
-0.13321288214865135,-0.4375298503252615,0.7188132668791081,2.5934341115894624,-1.1474560093539967,-1.638772200605073
-0.13335796421423218,-0.4370912530460657,0.7185146771575122,2.593451668072091,-1.1477619771192173,-1.6390053099046145
-0.13350293702738902,-0.43665277741145503,0.718216197786421,2.593468958197404,-1.1480679602333757,-1.6392378229309945
-0.13364779571501906,-0.43621442143725686,0.7179178272496491,2.593485982244109,-1.148373965068421,-1.6394697387298744
-0.13379254324506196,-0.435776194451757,0.7176195720001473,2.593502740475428,-1.1486799798830503,-1.6397010553565954
-0.13393718241406383,-0.435338094211041,0.7173214305199234,2.5935192334595327,-1.1489860045384375,-1.6399317752630487
-0.13408170802247987,-0.43490011896438296,0.7170234014462418,2.5935354614635857,-1.1492920454653208,-1.6401618972599517
-0.13422612592452055,-0.43446227755717803,0.7167254909622955,2.593551424877944,-1.1495980888501975,-1.6403914208323676
-0.1343704351034969,-0.4340245637689814,0.7164276947259518,2.5935671242314,-1.1499041418579745,-1.6406203482919273
-0.13451463570228217,-0.43358697978256117,0.7161300142037694,2.59358255988082,-1.1502102023116845,-1.6408486792177164
-0.13465872790824385,-0.433149527774776,0.7158324508586311,2.5935977321878236,-1.1505162680007472,-1.6410764132097064
-0.1348027118583328,-0.432712209857222,0.7155350061067622,2.5936126415168537,-1.1508223368235697,-1.6413035498703339
-0.1349465877095799,-0.43227502821041985,0.7152376814115708,2.593627288234752,-1.151128406592002,-1.6415300887884268
-0.1350903556086056,-0.43183798499705595,0.714940478223407,2.5936416727111022,-1.1514344751450485,-1.6417560295491171
-0.13523401456750417,-0.43140108284594797,0.7146433982866922,2.593655795272277,-1.1517405408606831,-1.6419813710889946
-0.13537756785052046,-0.4309643249181081,0.7143464438069542,2.593669656374777,-1.1520465978357024,-1.6422061139366113
-0.13552101436198694,-0.4305277083586662,0.7140496127559453,2.593683256460904,-1.1523526499770902,-1.642430259036139
-0.13566435498121532,-0.4300912360511827,0.7137529070939284,2.593696595915685,-1.152658693762082,-1.6426538060056197
-0.13580759025889844,-0.4296549088322907,0.7134563273665266,2.593709675157075,-1.1529647279868362,-1.6428767550852965
-0.13595072087316495,-0.42921872756367424,0.7131598741391247,2.593722494606507,-1.1532707513103937,-1.6430991065539458
-0.13609374698305032,-0.42878269308217937,0.7128635479481846,2.5937350546700015,-1.153576762875032,-1.6433208604769098
-0.13623666930492462,-0.4283468069556232,0.7125673498443379,2.5937473557576536,-1.1538827606063677,-1.6435420168765926
-0.1363794882667264,-0.42791107002230044,0.7122712803702944,2.5937593982851137,-1.154188743408003,-1.643762575922848
-0.13652220432080941,-0.4274754834516448,0.7119753402964815,2.59377118266283,-1.154494709834396,-1.6439825376619672
-0.13666481790702356,-0.4270400484588058,0.7116795304239605,2.593782709301407,-1.1548006584051957,-1.6442019021215986
-0.13680732945349305,-0.42660476629581995,0.7113838515785194,2.59379397861109,-1.1551065876143305,-1.64442066930257
-0.1369497349465556,-0.42616964003114893,0.7110883057351156,2.593804990848327,-1.1554124980765113,-1.6446388367066058
-0.13709204039420086,-0.425734677407003,0.7107928982946952,2.593815746489747,-1.1557183769181685,-1.6448564042656997
-0.13723424503768022,-0.42529987153547505,0.7104976244683319,2.5938262460462576,-1.1560242317568434,-1.6450733744630424
-0.137376349272186,-0.42486522377780894,0.7102024851543267,2.593836489929954,-1.156330061007297,-1.6452897472350085
-0.13751834969820464,-0.4244307370427431,0.7099074822301734,2.5938464784294673,-1.1566358649005744,-1.645505520396848
-0.13766025087362266,-0.42399641845910413,0.7096126206395166,2.5938562119989284,-1.1569416324501522,-1.6457206934959467
-0.13780205567017312,-0.42356226219689386,0.7093178963987605,2.593865691221671,-1.1572473670210672,-1.645935270070415
-0.13794376136506514,-0.4231282644163897,0.7090233067705336,2.5938749164951855,-1.1575530749461505,-1.6461492506414312
-0.13808536568236285,-0.4226944319772377,0.7087288563653704,2.5938838880953146,-1.1578587515427512,-1.6463626320505003
-0.13822687363223274,-0.422260770762526,0.7084345492778761,2.5938926065096273,-1.1581643866598987,-1.646575414460441
-0.13836828023492842,-0.4218272769629589,0.7081403827432555,2.593901072085353,-1.158469988595046,-1.6467875974646495
-0.13850959142418873,-0.42139395828186466,0.7078463621213604,2.5939092853170265,-1.1587755445727663,-1.6469991809414828
-0.13865080713202804,-0.4209608076814693,0.7075524825389512,2.5939172467069818,-1.1590810617601648,-1.6472101675973412
-0.1387919238762816,-0.4205278267470688,0.7072587449621857,2.59392495657858,-1.159386541776431,-1.6474205556887582
-0.13893294448857496,-0.4200950230735583,0.7069651546078504,2.593932415356102,-1.1596919746935241,-1.6476303438678157
-0.13907386698766544,-0.4196623961206022,0.7066717110155292,2.593939623432039,-1.1599973629154046,-1.6478395317589587
-0.13921469346045434,-0.41922995044474115,0.7063784173018446,2.593946581251167,-1.1603027001886588,-1.64804811880117
-0.13935542395067202,-0.4187976852539023,0.7060852728756801,2.5939532892583714,-1.1606079873793005,-1.6482561055053897
-0.1394960653035584,-0.4183655993356972,0.7057922769994405,2.593959748052356,-1.16091321976353,-1.6484634952159374
-0.13963661011873896,-0.41793368462007735,0.70549942394433,2.593965957950693,-1.1612184120212452,-1.6486702880024626
-0.13977706044279614,-0.41750195369289583,0.7052067223227985,2.593971919338974,-1.1615235499540615,-1.648876480452709
-0.13991741670135838,-0.4170704077969856,0.7049141729443944,2.59397763265503,-1.1618286320697981,-1.6490820724896793
-0.14005768055973356,-0.41663904766070375,0.7046217762915061,2.593983098366509,-1.1621336562930902,-1.649287064695164
-0.14019784775682265,-0.4162078740235981,0.7043295327326371,2.593988316815903,-1.1624386257730874,-1.6494914553196187
-0.14033792479323903,-0.41577689414413366,0.7040374473171078,2.593993288542756,-1.1627435276682931,-1.6496952445755797
-0.14047790721859776,-0.41534610163617863,0.7037455155323351,2.5939980139251717,-1.1630483723827423,-1.6498984330967175
-0.1406177994676927,-0.4149155030598169,0.7034537419055562,2.594002493464398,-1.1633531495938572,-1.6501010205210653
-0.14075760292942974,-0.41448509325006694,0.7031621228789726,2.5940067276444263,-1.163657863334722,-1.6503030093134587
-0.14089731269290517,-0.4140548721582278,0.702870658269207,2.5940107168016584,-1.1639625181161042,-1.650504397717938
-0.14103693147230523,-0.41362484956777656,0.7025793547708084,2.5940144614001097,-1.1642671019277329,-1.6507051835885398
-0.14117646233152303,-0.41319502365335975,0.702288211143264,2.5940179619453225,-1.1645716140007216,-1.6509053688836024
-0.14131590059520516,-0.41276539206362195,0.7019972256327711,2.594021218792758,-1.1648760609301831,-1.65110495272123
-0.14145525207838627,-0.4123359622326764,0.7017064033847848,2.594024232479386,-1.1651804303019295,-1.6513039349544862
-0.14159451519593702,-0.4119067279164754,0.7014157400453325,2.5940270034223034,-1.165484729856457,-1.651502317204293
-0.14173368830677724,-0.4114776928992087,0.7011252381158677,2.59402953202724,-1.1657889574019507,-1.651700097669371
-0.14187277246404228,-0.41104886261732737,0.7008349012788919,2.5940318187552953,-1.1660931067191262,-1.6518972750432808
-0.14201176810559346,-0.4106202382344694,0.7005447302834087,2.594033864060623,-1.166397176386788,-1.6520938492172255
-0.1421506799207206,-0.41019181913321406,0.7002547247438935,2.594035668465311,-1.166701163001824,-1.6522898222882954
-0.14228950295758214,-0.4097636004084515,0.6999648811580794,2.594037232320193,-1.1670050759521542,-1.6524851940928513
-0.14242823892034728,-0.40933559099016187,0.6996752056050477,2.594038556109606,-1.1673089049634509,-1.6526799623927435
-0.14256688924999672,-0.40890779135056754,0.6993856983792579,2.5940396403038024,-1.1676126484181433,-1.6528741276688035
-0.14270545409999968,-0.40848020072352387,0.6990963589044865,2.594040485347281,-1.1679163070714333,-1.6530676903082193
-0.14284393390361316,-0.4080528202626557,0.6988071879209246,2.5940410916933265,-1.1682198795190002,-1.6532606501624116
-0.1429823290946164,-0.40762565111775584,0.6985181861657299,2.5940414597959527,-1.1685233643600461,-1.653453007080864
-0.14312064010709058,-0.40719869443391377,0.6982293543724776,2.5940415901096707,-1.1688267601986528,-1.6536447609079985
-0.1432588631635605,-0.4067719531211321,0.6979406943994415,2.59404148303967,-1.1691300676011083,-1.653835909328029
-0.14339700404736533,-0.4063454342861532,0.6976522111488159,2.594041139153691,-1.16943327450037,-1.6540264522517492
-0.14353506206295918,-0.4059191313056272,0.6973639000288578,2.594040558856293,-1.1697363882439136,-1.6542163916244552
-0.14367303780754437,-0.4054930452383804,0.6970757617157801,2.594039742605632,-1.1700394073793972,-1.6544057273542647
-0.1438109280143589,-0.4050671784534808,0.6967877977073389,2.5940386908201982,-1.1703423325619284,-1.6545944574877438
-0.1439487363080696,-0.4046415378597794,0.696500012725652,2.594037404044377,-1.1706451538283087,-1.6547825811780499
-0.14408646261951485,-0.4042161204859326,0.6962124046831155,2.5940358827084258,-1.1709478743342687,-1.654970099385185
-0.14422411029533144,-0.40379092604419425,0.6959249733860311,2.594034127298393,-1.1712504915421196,-1.6551570134509965
-0.14436167472139072,-0.4033659520629019,0.6956377170052432,2.594032138184559,-1.1715530121287678,-1.655343322459054
-0.14449915739958463,-0.40294120749953927,0.6953506416170763,2.59402991590999,-1.1718554259619995,-1.6555290241108074
-0.14463656286694704,-0.40251669187377664,0.6950637469162042,2.5940274609735727,-1.172157729645261,-1.6557141202284709
-0.14477388698362326,-0.4020924002825453,0.6947770294249778,2.594024773731198,-1.1724599318649276,-1.6558986108301759
-0.14491113187668336,-0.401668339876602,0.6944904939961134,2.5940218547242426,-1.1727620237387342,-1.6560824944151378
-0.14504829774176908,-0.40124451038087783,0.69420414038481,2.5940187044029255,-1.1730640055037254,-1.656265771116651
-0.14518538507923928,-0.40082091293097255,0.693917969312893,2.5940153232351393,-1.1733658757194514,-1.656448440733729
-0.14532239428058968,-0.4003975485264957,0.6936319814072638,2.594011711686206,-1.1736676331784415,-1.6566305030559232
-0.1454593246795044,-0.39997441877949164,0.6933461776928507,2.59400787022014,-1.1739692769960943,-1.656811957298197
-0.14559617798053637,-0.39955152638799796,0.6930605599758346,2.5940037993377136,-1.1742708031088542,-1.6569928031897976
-0.14573295416232934,-0.39912887074006914,0.6927751277767187,2.59399949948367,-1.1745722122845044,-1.6571730408595977
-0.1458696535067654,-0.3987064533572288,0.6924898820742786,2.593994971132302,-1.1748735028921702,-1.6573526698790286
-0.14600627641702957,-0.39828427572509295,0.69220482382456,2.59399021475921,-1.1751746732306685,-1.6575316898618482
-0.14614281903559068,-0.39786234092227046,0.6919199549935335,2.5939852308332623,-1.1754757237701332,-1.657710098413674
-0.1462792874626473,-0.3974406559699824,0.6916352804027985,2.5939800199619323,-1.1757766422428169,-1.6578878955019767
-0.14641568090903156,-0.39701921372041843,0.691350795108634,2.5939745824920037,-1.1760774366294688,-1.6580650829524384
-0.14655199980095368,-0.39659801525543337,0.6910664997909328,2.5939689188956807,-1.1763781056134013,-1.6582416604920251
-0.14668824448149742,-0.39617706169347905,0.6907823951527066,2.5939630296455674,-1.176678647915403,-1.658417627799118
-0.14682441737611196,-0.39575635341674986,0.6904984814310056,2.5939569152148496,-1.1769790611535538,-1.6585929855058845
-0.1469605139607637,-0.39533588980061013,0.6902147580599891,2.593950576017374,-1.1772793500925156,-1.6587677320770013
-0.14709653756482943,-0.39491567923018706,0.6899312307352674,2.593944012670545,-1.1775795035485597,-1.6589418660489612
-0.14723248811367728,-0.39449571968012365,0.6896478980121845,2.5939372255965907,-1.1778795237568787,-1.6591153878798575
-0.14736836599319147,-0.39407601231092454,0.6893647606207916,2.5939302152745736,-1.1781794093599653,-1.6592882972282301
-0.1475041715920229,-0.3936565583018879,0.6890818193035946,2.5939229821843317,-1.178479158979811,-1.659460593738878
-0.14763990529860394,-0.3932373588299852,0.688799074801103,2.5939155268062972,-1.1787787712413855,-1.659632277051341
-0.14777556750117604,-0.3928184150695812,0.6885165278516459,2.593907849621452,-1.1790782447729513,-1.6598033467994475
-0.14791115915244912,-0.3923997279488403,0.6882341790350002,2.5938999511085683,-1.1793775779508944,-1.6599738028828226
-0.14804668061189652,-0.39198129755702926,0.6879520283507858,2.593891831726387,-1.1796767705164397,-1.6601436452274347
-0.14818213225464483,-0.39156312482459793,0.6876700763704027,2.593883491950139,-1.179975821355882,-1.6603128735076396
-0.14831751044460795,-0.3911452126225378,0.6873883249186363,2.593874932287307,-1.1802747309546078,-1.66048148544707
-0.14845282072509125,-0.39072756763433864,0.6871067785574532,2.5938661533580034,-1.1805734878736425,-1.660649480833511
-0.14858806240016165,-0.3903101836338122,0.6868254329771002,2.5938571554847383,-1.1808720991119244,-1.6608168610457632
-0.14872323587008118,-0.3898930617319165,0.68654428887054,2.593847939148173,-1.1811705633552894,-1.6609836256848538
-0.1488583415347815,-0.3894762030401819,0.686263346930656,2.5938385048298396,-1.181468879289333,-1.661149774350809
-0.1489933757772013,-0.3890596104201356,0.6859826089750425,2.593828853049077,-1.1817670473936437,-1.6613153047633604
-0.1491283441090312,-0.3886432904949577,0.6857020795178523,2.593818984431502,-1.1820650563174393,-1.6614802166930442
-0.14926324583518813,-0.38822723709062584,0.6854217542863856,2.593808899288437,-1.1823629130142677,-1.661644511434152
-0.14939808135186894,-0.3878114513146673,0.6851416339692307,2.5937985981029144,-1.1826606161797388,-1.6618081885550644
-0.14953285004103734,-0.3873959347187752,0.6848617195403541,2.5937880813701715,-1.18295816495984,-1.6619712471526626
-0.14966755206959448,-0.3869806904611602,0.6845820130756288,2.5937773496290357,-1.1832555561974576,-1.6621336861316431
-0.1498021895792574,-0.38656571984982707,0.6843025154246734,2.593766403372549,-1.1835527868467297,-1.6622955055853292
-0.14993676105174636,-0.3861510217272049,0.6840232257081533,2.5937552430299493,-1.1838498595662335,-1.6624567050507
-0.1500712674024367,-0.38573659980198444,0.6837441463850547,2.593743869158672,-1.1841467699870902,-1.6626172835165447
-0.15020570924927945,-0.3853224548421017,0.6834652779140189,2.59373228223982,-1.1844435169518666,-1.6627772406932941
-0.15034008713434943,-0.3849085873824864,0.683186620594292,2.593720482747201,-1.1847400996053838,-1.6629365763135042
-0.150474400132115,-0.3844949986770976,0.6829081751905726,2.5937084711781457,-1.1850365176666553,-1.6630952894200417
-0.15060864967628618,-0.38408169177608276,0.6826299437200527,2.5936962480782215,-1.1853327669707046,-1.6632533793415845
-0.15074283594492144,-0.38366866651990084,0.6823519260044479,2.5936838139045255,-1.1856288476819883,-1.6634108458630052
-0.15087695927543976,-0.3832559240649543,0.6820741227597908,2.593671169151598,-1.185924758504546,-1.6635676884539425
-0.1510110209182347,-0.3828434652334881,0.681796534488476,2.5936583143014333,-1.1862204976727293,-1.6637239069703404
-0.15114501709480344,-0.38243129133408227,0.6815191619495273,2.593645249867974,-1.1865160673718487,-1.6638794994614896
-0.15127895322330964,-0.38201940877424195,0.6812420094890523,2.5936319764941036,-1.186811456550871,-1.664034465646932
-0.1514128286219849,-0.38160781152657186,0.6809650729387768,2.5936184944584446,-1.1871066720291612,-1.6641888065625894
-0.15154664368450277,-0.38119650065728605,0.6806883529528167,2.5936048042517945,-1.1874017125559801,-1.6643425216755965
-0.15168039677563794,-0.38078547812962227,0.680411850763881,2.593590906404368,-1.1876965777701507,-1.6644956095456003
-0.1518140924638658,-0.3803747470302267,0.6801355684522257,2.5935768014555425,-1.1879912607090095,-1.6646480704537163
-0.151947725038049,-0.37996430419942556,0.6798595037233639,2.5935624897911898,-1.1882857697551945,-1.6647999029758807
-0.15208129846176455,-0.37955415888611915,0.6795836628203276,2.593547972161582,-1.1885800922882879,-1.6649511055643078
-0.15221481535209058,-0.3791443069888643,0.679308042926138,2.593533248878062,-1.1888742302916873,-1.6651016797341809
-0.15234827144334417,-0.3787347462521764,0.679032642379851,2.593518320348493,-1.1891681899675832,-1.6652516242678443
-0.15248167023738546,-0.37832548376220715,0.678757465950337,2.5935031872570744,-1.189461961277515,-1.6654009380131025
-0.15261501202019367,-0.3779165166979502,0.6784825116556288,2.593487849965649,-1.1897555469786811,-1.665549621355753
-0.15274829321758965,-0.37750784700873785,0.6782077806906508,2.5934723090287686,-1.1900489484385988,-1.6656976721896761
-0.15288151921537718,-0.3770994808226442,0.67793327719723,2.5934565650927235,-1.1903421549198947,-1.665845090211283
-0.15301468938360507,-0.37669141211086454,0.6776589970105493,2.5934406184063348,-1.1906351732175104,-1.6659918762993635
-0.15314780219840873,-0.3762836426609621,0.6773849412430453,2.59342446950555,-1.1909280030561666,-1.6661380290199959
-0.1532808587000325,-0.3758761768289443,0.6771111127775176,2.59340811900605,-1.1912206393147584,-1.6662835471124027
-0.1534138569988528,-0.37546901641154945,0.6768375127266144,2.593391567456052,-1.1915130820305828,-1.666428429029165
-0.15354680058661963,-0.3750621653056319,0.6765641436922927,2.593374815441426,-1.1918053243823707,-1.6665726744040619
-0.15367968929591136,-0.37465562004958014,0.6762910032529126,2.5933578632963643,-1.1920973701819206,-1.6667162835447384
-0.1538125247712241,-0.37424938086827403,0.6760180915030372,2.5933407114761344,-1.1923892179360238,-1.666859256382519
-0.1539453071209378,-0.3738434464623938,0.6757454074871352,2.593323360388,-1.1926808690414397,-1.6670015927315898
-0.15407803294280065,-0.3734378194240907,0.6754729528358658,2.5933058106277027,-1.1929723240725747,-1.6671432903312917
-0.1542107075843795,-0.3730325056823783,0.6752007315439723,2.5932880628434485,-1.1932635725310012,-1.667284348839358
-0.15434332867342881,-0.37262750004216,0.674928739991564,2.5932701173113264,-1.1935546219259785,-1.6674247682254228
-0.154475892997203,-0.3722228083365299,0.6746569820008443,2.5932519747669738,-1.1938454694015586,-1.6675645454848316
-0.1546084077029155,-0.37181843620112814,0.6743854613861711,2.593233635835083,-1.1941361031684081,-1.6677036809022459
-0.1547408717293619,-0.3714143745965242,0.6741141719475783,2.5932151006125443,-1.194426533458636,-1.667842175741976
-0.15487328005507273,-0.3710106267997996,0.6738431157579239,2.5931963697544775,-1.1947167615869052,-1.667980027042821
-0.155005638284627,-0.3706072016182805,0.6735722987514503,2.5931774440381132,-1.1950067739294032,-1.6681172338191785
-0.15513794473517173,-0.3702040938955212,0.6733017173445015,2.593158323727772,-1.195296577358315,-1.6682537961636275
-0.15527020290057258,-0.36980130519294974,0.6730313725512667,2.5931390093113738,-1.1955861674154131,-1.6683897141441175
-0.15540240935518135,-0.3693988329078025,0.6727612624931241,2.5931195011775765,-1.1958755499390434,-1.668524986667634
-0.1555345664713288,-0.3689966828640681,0.6724913910474832,2.5930998000162995,-1.1961647171633485,-1.668659612428902
-0.1556666738345367,-0.3685948542275803,0.672221757564432,2.593079906258729,-1.1964536704923303,-1.668793590826028
-0.15579873208785777,-0.3681933487772855,0.6719523631696154,2.5930598204395547,-1.1967424077637676,-1.6689269209625062
-0.15593074155508724,-0.3677921672825543,0.671683208303409,2.593039543051919,-1.1970309281168554,-1.6690596020603796
-0.15606270255447452,-0.3673913108027858,0.6714142936013796,2.593019074603149,-1.1973192304031564,-1.6691916332738792
-0.1561946153846847,-0.36699078048940537,0.6711456197607157,2.5929984156048675,-1.1976073134006961,-1.6693230137087471
-0.1563264803217388,-0.3665905775634892,0.6708771875248472,2.5929775665735,-1.1978951758372332,-1.669453742448576
-0.1564582976343214,-0.36619070330300546,0.6706089976751994,2.592956528028436,-1.1981828163913695,-1.6695838185431795
-0.15659006951438137,-0.3657911581345914,0.6703410504396468,2.5929353004197018,-1.1984702329085508,-1.6697132418079614
-0.15672179162611322,-0.365391941870376,0.6700733455607484,2.592913884266165,-1.1987574296032437,-1.6698420102222353
-0.15685346646291087,-0.36499306244472784,0.6698058883303104,2.5928922803810632,-1.1990443964755995,-1.6699701219931637
-0.15698509808163585,-0.3645945173352344,0.6695386770060496,2.5928704890434555,-1.199331132710825,-1.6700975781208034
-0.15711668223229402,-0.36419630226072497,0.6692717085728388,2.5928485105708012,-1.1996176465862411,-1.6702243774852117
-0.1572482235901953,-0.3637984228696838,0.6690049868017893,2.5928263456292338,-1.199903928493384,-1.6703505194219033
-0.15737971644035298,-0.3634008767025218,0.6687385098910945,2.592803994651688,-1.2001899861612064,-1.6704760019527949
-0.15751116626489825,-0.3630036720596502,0.6684722834045083,2.5927814584309323,-1.2004758065920473,-1.6706008240615873
-0.15764257405375126,-0.36260680272034396,0.6682063030752494,2.592758737094575,-1.2007613954191427,-1.6707249865434823
-0.1577739375057856,-0.3622102678643218,0.6679405682421553,2.5927358310977744,-1.2010467557158953,-1.6708484880293248
-0.15790525716516868,-0.3618140725446435,0.6676750822285364,2.592712741152807,-1.2013318821151573,-1.6709713267177746
-0.15803653371859827,-0.3614182183898886,0.667409846051751,2.5926894677946817,-1.2016167725871079,-1.671093501578299
-0.158167763962628,-0.36102270764523003,0.6671448611055393,2.5926660116647366,-1.201901427900224,-1.6712150103121322
-0.15829895313292308,-0.36062754556769744,0.6668801308932313,2.592642373413271,-1.2021858383538602,-1.6713358524446802
-0.1584300997308361,-0.3602327267095653,0.66661565164544,2.592618553240761,-1.2024700110019577,-1.6714560277637907
-0.15856120596747303,-0.3598382526763613,0.6663514243769133,2.5925945516528595,-1.2027539425025102,-1.6715755356406752
-0.15869227199659974,-0.35944412151485866,0.6660874476872629,2.5925703689988766,-1.2030376349262633,-1.6716943755676732
-0.15882329434317732,-0.3590503355463808,0.6658237230189195,2.592546005932933,-1.2033210892099706,-1.6718125450931758
-0.15895427607183166,-0.35865690148114887,0.6655602548276494,2.5925214632291333,-1.2036042960968627,-1.6719300427609054
-0.15908521788229635,-0.35826381701549453,0.6652970414815407,2.5924967412087243,-1.2038872575366324,-1.6720468682530656
-0.15921611838633165,-0.3578710824598505,0.6650340830884298,2.592471840379467,-1.2041699746689887,-1.672163020112968
-0.159346981990657,-0.35747869973108265,0.6647713808889035,2.592446761219352,-1.2044524419162737,-1.6722784981895238
-0.15947780434775716,-0.3570866652774006,0.6645089323667643,2.592421504076113,-1.2047346669347223,-1.6723933009228198
-0.1596085867825483,-0.3566949864855503,0.6642467424124945,2.592396069806416,-1.2050166413161278,-1.6725074261760382
-0.15973933328562495,-0.35630366269585434,0.6639848105279338,2.5923704587486593,-1.2052983624633447,-1.672620874150514
-0.1598700397006203,-0.35591269030041134,0.6637231341622312,2.5923446712419147,-1.2055798379271516,-1.6727336433034339
-0.16000070809835165,-0.35552207596630686,0.663461717725665,2.5923187080913497,-1.2058610593755483,-1.672845731827486
-0.16013133874936258,-0.355131819291709,0.6632005608604215,2.5922925697292336,-1.2061420272236316,-1.6729571387772921
-0.16026193356898766,-0.354741920280228,0.662939663494917,2.5922662565723598,-1.2064227400336067,-1.6730678635667466
-0.16039248976221998,-0.35435237843550943,0.6626790251824137,2.592239769113582,-1.2067032010129843,-1.6731779043752117
-0.1605230120406187,-0.35396319766020645,0.6624186484934134,2.5922131079382202,-1.206983402318463,-1.673287260618785
-0.16065349606847334,-0.35357437445777856,0.6621585309532674,2.5921862733931467,-1.207263351557297,-1.6733959305813435
-0.1607839454695359,-0.3531859150452842,0.6618986766766457,2.5921592662315525,-1.2075430394957656,-1.6735039129220646
-0.16091435656989006,-0.3527978181033366,0.6616390846571969,2.592132086920657,-1.2078224709537115,-1.673611205679632
-0.16104473277394948,-0.3524100893856467,0.6613797586942227,2.5921047361970357,-1.2081016373610634,-1.673717807527595
-0.16117507358569405,-0.3520227263301808,0.661120696971591,2.592077214375269,-1.2083805420129086,-1.6738237175799076
-0.1613053805493312,-0.35163572981068975,0.6608618999959783,2.5920495219317328,-1.2086591829291589,-1.6739289348583057
-0.16143565254300896,-0.35124909941326937,0.6606033673892546,2.5920216593266856,-1.2089375617788558,-1.674033457867499
-0.16156589208569727,-0.35086283718579436,0.6603451004527927,2.5919936270849306,-1.2092156745386236,-1.6741372856485743
-0.16169609962666076,-0.35047694063746443,0.6600870974260098,2.5919654254908733,-1.2094935236139934,-1.6742404174591214
-0.16182627243289538,-0.3500914110697678,0.6598293590706228,2.5919370551528598,-1.2097711103516253,-1.6743428510050804
-0.1619564114659866,-0.34970625443856457,0.659571889297561,2.591908516890526,-1.21004842812821,-1.6744445841796372
-0.1620865198180974,-0.34932147068353625,0.65931468799505,2.591879811078163,-1.210325474567221,-1.674545616483161
-0.16221659626116391,-0.34893705657635343,0.6590577528958228,2.5918509379917953,-1.2106022543040391,-1.6746459467703008
-0.16234664053587267,-0.34855301487351914,0.6588010857542916,2.5918218982749934,-1.210878765043242,-1.6747455731096856
-0.16247665219151486,-0.3481693483880634,0.658544688360859,2.5917926925839323,-1.2111550046002921,-1.6748444935027282
-0.1626066325807045,-0.3477860594102531,0.6582885621666601,2.5917633214940574,-1.2114309697418162,-1.6749427065186904
-0.1627365821134994,-0.34740314749627216,0.6580327067828629,2.591733785422066,-1.2117066608445324,-1.6750402109037048
-0.16286650161604221,-0.34702061285793595,0.6577771222628073,2.5917040848158504,-1.2119820772558716,-1.6751370053885328
-0.16299639144634792,-0.34663845540453386,0.65752180845393,2.5916742201138683,-1.212257219044545,-1.6752330886013729
-0.1631262520479222,-0.34625667570984925,0.6572667656494664,2.5916441917967306,-1.2125320855303074,-1.6753284590683506
-0.1632560837906567,-0.3458752744137494,0.6570119941863259,2.591614000350759,-1.2128066760331415,-1.675423115258983
-0.1633858834596058,-0.3454942540055019,0.656757495618661,2.591583646495953,-1.2130809911309193,-1.675517054401413
-0.1635156545662877,-0.345113620245438,0.6565032737322252,2.5915531309908717,-1.213355022179831,-1.6756102749643744
-0.16364539994930816,-0.344733368841077,0.6562493255723849,2.591522453907047,-1.2136287713664031,-1.6757027767904318
-0.1637751168621513,-0.3443534966172145,0.6559956489012424,2.591491615551597,-1.2139022446349113,-1.6757945580510696
-0.16390480270133345,-0.34397400994301,0.6557422478752994,2.5914606169070677,-1.2141754380820309,-1.675885615474562
-0.16403446368690133,-0.343594913257311,0.655489125406377,2.5914294585608446,-1.214448342046588,-1.6759759483748227
-0.164164096272728,-0.3432162004769338,0.655236277305316,2.591398140637234,-1.2147209661428235,-1.6760655550992718
-0.16429370154523681,-0.3428378767307858,0.6549837069165694,2.5913666639263506,-1.2149933045053953,-1.6761544334832021
-0.16442328340543888,-0.3424599410847195,0.65473141353915,2.5913350286929973,-1.2152653549891728,-1.6762425829700673
-0.1645528377839245,-0.34208239015216685,0.6544793947889072,2.5913032352646113,-1.2155371249285012,-1.6763300012775433
-0.16468236482586285,-0.3417052310773892,0.654227655352531,2.5912712846130788,-1.2158086072306864,-1.6764166856707223
-0.16481186788759938,-0.34132846526863925,0.6539761960925317,2.5912391771905705,-1.2160797978465627,-1.6765026350439256
-0.16494134509771108,-0.3409520898158899,0.6537250149555565,2.5912069132917432,-1.2163507017087445,-1.6765878475463896
-0.16507079701730198,-0.3405761081272582,0.653474114127921,2.5911744936044667,-1.2166213151774414,-1.6766723210385752
-0.16520022551820812,-0.3402005206341639,0.6532234938099695,2.5911419185518225,-1.2168916365080087,-1.6767560540991375
-0.16532962704180942,-0.3398253274402792,0.6529731539574568,2.5911091887084985,-1.217161669039901,-1.6768390439678171
-0.1654590068932542,-0.33945053321321533,0.6527230976188583,2.59107630470724,-1.217431403706598,-1.6769212894740684
-0.1655883651422254,-0.3390761317806602,0.6524733205688484,2.591043266522345,-1.2177008470932706,-1.6770027895458164
-0.16571769854159335,-0.33870212431591507,0.6522238234808255,2.5910100747970723,-1.2179700011839567,-1.6770835412809808
-0.16584700902224725,-0.3383285168629846,0.6519746103066084,2.5909767303815485,-1.2182388584631865,-1.6771635424170583
-0.16597629752900644,-0.33795530873509794,0.6517256804928153,2.5909432336401244,-1.2185074191568044,-1.6772427913019587
-0.16610556428694778,-0.33758249943039503,0.651477033606735,2.5909095849735326,-1.2187756839339448,-1.6773212860548081
-0.16623480970755367,-0.33721008957931137,0.6512286699733116,2.590875784862684,-1.219043652147998,-1.6773990246582018
-0.1663640308381762,-0.3368380814436818,0.6509805909945978,2.590841834035323,-1.219311324422523,-1.677476004060517
-0.16649323152196338,-0.33646647988455514,0.6507327998345565,2.5908077331928063,-1.219578692791605,-1.6775522225362665
-0.16662241298635383,-0.3360952806442189,0.6504852935536896,2.5907734824010173,-1.219845760903855,-1.677627678801595
-0.16675157267197704,-0.3357244831688369,0.6502380716743961,2.5907390821493954,-1.2201125319297605,-1.677702370155385
-0.16688070995976467,-0.33535409308904823,0.6499911378570378,2.5907045333595775,-1.2203790010182989,-1.6777762936336844
-0.16700983001266856,-0.3349841116765577,0.6497444928686655,2.590669836398234,-1.2206451627368158,-1.6778494481640072
-0.16713893008819092,-0.3346145335410095,0.6494981330011735,2.590634991369437,-1.2209110253761735,-1.6779218314768374
-0.1672680103125277,-0.33424536295029517,0.6492520610058565,2.5905999990597293,-1.2211765848386602,-1.677993440876181
-0.1673970719897957,-0.33387660148341297,0.6490062778413823,2.5905648599955415,-1.221441838755052,-1.6780642742310412
-0.16752611512739524,-0.33350824873973395,0.6487607831406206,2.5905295745868626,-1.2217067879186896,-1.6781343292850561
-0.1676551374472952,-0.3331403070116409,0.6485155783276833,2.5904941435517337,-1.2219714323588302,-1.6782036029242382
-0.16778414276250153,-0.3327727799843003,0.6482706657724298,2.5904585675014817,-1.2222357653691487,-1.6782720933235806
-0.16791313059744262,-0.3324056639999773,0.6480260429321785,2.590422846591107,-1.2224997915134632,-1.678339798362495
-0.16804210152226418,-0.3320389598656654,0.6477817102467762,2.5903869813075526,-1.2227635098718546,-1.6784067156706233
-0.16817105505411334,-0.3316726683945024,0.6475376681573941,2.5903509721780598,-1.2230269204390567,-1.6784728426007143
-0.1682999917683361,-0.33130679156267373,0.6472939178834447,2.5903148197887966,-1.223290021098682,-1.678538176606913
-0.16842891262053694,-0.33094132976409407,0.6470504595891868,2.5902785245771187,-1.2235528110293437,-1.6786027153649838
-0.16855781781407586,-0.3305762827386479,0.6468072930009381,2.5902420869513927,-1.2238152907410265,-1.6786664563953875
-0.16868670432445576,-0.33021165285119364,0.6465644195891467,2.5902055076721786,-1.224077460862669,-1.6787293961992473
-0.16881557678047798,-0.32984744450827164,0.6463218421999639,2.5901687873818826,-1.224339313266349,-1.6787915328488066
-0.1689444346513298,-0.3294836529954767,0.6460795575877052,2.5901319261304767,-1.2246008536866129,-1.6788528640011706
-0.16907327829055152,-0.32912027900624846,0.6458375661143041,2.5900949243999625,-1.2248620815404465,-1.678913386990916
-0.16920210468173824,-0.3287573249030484,0.6455958692487496,2.590057782954102,-1.2251229974655125,-1.6789730982070914
-0.16933091842267345,-0.32839479504384156,0.6453544698011306,2.59002050243222,-1.2253835934268262,-1.6790319955975725
-0.16945971897971113,-0.32803268477281733,0.6451133645660807,2.58998308287966,-1.2256438751227023,-1.6790900766399564
-0.16958850382185187,-0.32767099622021584,0.6448725548585172,2.589945525022697,-1.2259038430175762,-1.6791473377670088
-0.1697172760778578,-0.32730973360906473,0.6446320433942532,2.589907829547951,-1.2261634905054588,-1.67920377650546
-0.1698460355187965,-0.3269488944299144,0.644391828399149,2.589869996674958,-1.2264228208281154,-1.6792593901075534
-0.1699747836295309,-0.32658847887416176,0.6441519099002959,2.5898320267923274,-1.2266818329656692,-1.6793141759591974
-0.17010351931371837,-0.32622848641807783,0.6439122874461236,2.5897939203282823,-1.2269405288834514,-1.6793681308674797
-0.17023223997824122,-0.3258689211609934,0.6436729636628629,2.5897556781964877,-1.22719890709088,-1.6794212509614301
-0.1703609503182344,-0.3255097870885478,0.643433941105334,2.5897173010004164,-1.2274569598852478,-1.6794735339837563
-0.17048964879935724,-0.32515107983178654,0.6431952167610224,2.5896787888363932,-1.2277146935836274,-1.6795249768045435
-0.17061833794230274,-0.32479280059949106,0.6429567913335767,2.589640142138528,-1.227972105244523,-1.6795755767683995
-0.17074701579163243,-0.3244349479390245,0.6427186637529281,2.58960136128322,-1.228229198559767,-1.679625330359854
-0.17087568313986523,-0.3240775253233534,0.6424808362286285,2.5895624469874425,-1.2284859697650479,-1.6796742343250852
-0.17100433909589086,-0.32372053404125445,0.642243309515639,2.5895233998392344,-1.228742418811705,-1.6797222851437057
-0.17113298654813303,-0.32336397553527696,0.6420060844712046,2.589484220278388,-1.228998542217659,-1.6797694800761305
-0.17126162205661188,-0.323007848589028,0.6417691601832596,2.5894449087677374,-1.229254344738436,-1.6798158151075409
-0.17139024984568518,-0.3226521572686245,0.6415325392534315,2.589405465935794,-1.2295098190380898,-1.67986128756292
-0.1715188671250143,-0.3222968986338464,0.6412962196233831,2.5893658920523817,-1.2297649710982257,-1.679905893563114
-0.17164747594360286,-0.32194207637538774,0.641060203644185,2.5893261878059675,-1.230019795866518,-1.6799496299082266
-0.17177607713008047,-0.32158768900035567,0.6408244902192677,2.5892863534418957,-1.2302742947058902,-1.6799924933258084
-0.17190467163931533,-0.3212337355121003,0.6405890785821646,2.58924638924347,-1.2305284683655302,-1.6800344804860154
-0.17203325644339884,-0.3208802168647049,0.6403539692662945,2.5892062958595754,-1.2307823190365075,-1.6800755870826931
-0.17216183251276718,-0.32052713860806425,0.6401191658575209,2.5891660742094302,-1.2310358407010558,-1.6801158094471589
-0.1722904004059327,-0.3201745015071707,0.6398846687601223,2.5891257247686132,-1.2312890326457642,-1.6801551439811075
-0.17241896387860933,-0.3198223041096098,0.6396504769010951,2.589085247647419,-1.2315418936889169,-1.6801935877757375
-0.17254751904479804,-0.31947054338356906,0.6394165881661711,2.5890446431439513,-1.2317944309072684,-1.6802311362943207
-0.17267606803692637,-0.31911922453631314,0.6391830059098291,2.5890039120938138,-1.2320466376522528,-1.6802677859620156
-0.17280461084157395,-0.3187683467438557,0.6389497294807556,2.5889630548356806,-1.2322985153770056,-1.6803035328862672
-0.1729331479014764,-0.31841791069176606,0.6387167592300433,2.5889220718355253,-1.232550063584979,-1.6803383731742425
-0.17306167938672345,-0.31806791688720526,0.6384840953905333,2.588880963553415,-1.2328012822069048,-1.6803723028269404
-0.17319020575984734,-0.31771836605141957,0.6382517383367152,2.5888397304563857,-1.2330521707059734,-1.6804053178444325
-0.17331872364791767,-0.3173692604719904,0.638019689489886,2.588798373350904,-1.233302730244195,-1.6804374133690134
-0.17344723991466005,-0.31702060339559235,0.6377879508892921,2.5887568926600157,-1.233552952146383,-1.6804685865775872
-0.17357575055576646,-0.31667238836683925,0.6375565181518588,2.58871528833226,-1.2338028471933116,-1.680498832503147
-0.1737042596120819,-0.316324618800808,0.6373253934329144,2.588673560934178,-1.234052408993953,-1.680528147603469
-0.1738327617552553,-0.31597729325517276,0.6370945756824455,2.588631710983736,-1.2343016442934127,-1.6805565264400057
-0.17396126103284537,-0.3156304183642463,0.6368640691911143,2.5885897393812347,-1.2345505433674497,-1.6805839653610986
-0.17408975697402163,-0.3152839909852207,0.6366338717695323,2.588547646237781,-1.234799110542574,-1.6806104598115656
-0.17421825049734618,-0.314938011593088,0.6364039836264532,2.588505431967109,-1.2350473452025432,-1.6806360054161895
-0.17434674400953387,-0.3145924787171161,0.6361744036754167,2.588463096705588,-1.235295247475477,-1.6806605980299456
-0.17447523091444417,-0.31424739281463127,0.6359451321336862,2.5884206412281467,-1.235542823265547,-1.6806842316420212
-0.17460371686877885,-0.31390276195034567,0.6357161742315496,2.588378066511534,-1.235790060007608,-1.6807069026806623
-0.17473220269436496,-0.31355858026885897,0.6354875259776098,2.588335372306282,-1.2360369637776822,-1.6807286064546236
-0.17486068519418296,-0.3132148477363069,0.6352591872548206,2.588292559169768,-1.2362835380794426,-1.6807493374421703
-0.174989165369686,-0.3128715695691881,0.6350311614154607,2.588249628009781,-1.2365297773451374,-1.6807690909524984
-0.17511764664845764,-0.3125287447762009,0.6348034476863473,2.5882065789545843,-1.2367756803778223,-1.6807878626296988
-0.17524612528488248,-0.31218637094235513,0.6345760443742372,2.5881634123347608,-1.2370212536550211,-1.6808056465987842
-0.17537460424699525,-0.31184445243043524,0.6343489542570251,2.5881201288696594,-1.2372664908261553,-1.6808224383549375
-0.17550308144133808,-0.3115029879779203,0.6341221764006058,2.588076728929901,-1.2375113957632065,-1.6808382322243154
-0.17563156059907126,-0.31116197935664286,0.633895711861177,2.588033212916996,-1.2377559641729758,-1.680853023655763
-0.17576003768329151,-0.31082142454929973,0.6336695592124233,2.587989581215031,-1.2380002024068797,-1.6808668064154375
-0.17588851811552608,-0.3104813270833992,0.6334437206664996,2.5879458343271984,-1.2382441029085298,-1.680879576169912
-0.17601699858362174,-0.31014168252047675,0.6332181931909853,2.587901972332137,-1.2384876739499362,-1.6808913265694378
-0.17614547960581817,-0.3098024952556403,0.6329929795914793,2.5878579960778527,-1.23873091130936,-1.6809020522229514
-0.17627395958748515,-0.30946376734537745,0.6327680811324816,2.587813906268524,-1.2389738150268736,-1.6809117471998989
-0.17640244358376655,-0.30912549984870324,0.6325434983888969,2.5877697031532683,-1.2392163804751823,-1.6809204067037549
-0.1765309293402666,-0.30878768770979326,0.6323192279173786,2.5877253866785996,-1.2394586157063499,-1.6809280241802158
-0.1766594161909314,-0.3084503341838963,0.632095271772469,2.5876809576295616,-1.239700518743624,-1.6809345936675932
-0.17678790512857034,-0.30811344136626806,0.6318716312325003,2.587636416577242,-1.2399420874045013,-1.6809401093864933
-0.1769163972125991,-0.3077770086087233,0.6316483057586226,2.587591763781055,-1.240183322326073,-1.680944565338234
-0.17704489267181955,-0.30744103492460717,0.6314252945920069,2.587546999502707,-1.240424225226241,-1.6809479552426196
-0.17717339179615976,-0.30710552040614764,0.6312025976879072,2.5875021241195473,-1.2406647966561475,-1.6809502727867256
-0.17730189256569062,-0.3067704665353136,0.6309802159331377,2.587457138289627,-1.2409050377065165,-1.6809515112376405
-0.17743039714191688,-0.30643587622634355,0.6307581511407836,2.5874120426117257,-1.2411449443922005,-1.6809516646331737
-0.17755890748977166,-0.3061017468147069,0.6305364014325794,2.5873668370565808,-1.2413845187477524,-1.6809507264942822
-0.1776874205727772,-0.30576807721270965,0.6303149660009746,2.58732152203991,-1.2416237654624296,-1.680948689419487
-0.1778159374288979,-0.3054348717067854,0.6300938475720104,2.587276098375741,-1.241862680115465,-1.6809455470498855
-0.17794445775984435,-0.3051021307483906,0.6298730463415438,2.5872305665108843,-1.2421012634582123,-1.6809412924147837
-0.17807298168778374,-0.3047698555241773,0.6296525629893743,2.587184926953722,-1.2423395151243353,-1.6809359185717219
-0.17820151351461,-0.3044380445511912,0.6294323964050794,2.587139179671064,-1.242577433981442,-1.680929418976155
-0.17833004729083157,-0.30410669522932,0.6292125448003794,2.5870933250569226,-1.2428150288650197,-1.680921785034119
-0.17845858971036144,-0.3037758124678781,0.6289930112769033,2.5870473636871893,-1.2430522899215588,-1.6809130109469042
-0.17858713608965004,-0.30344539114241004,0.6287737923711814,2.587001295586364,-1.2432892275815686,-1.6809030878582512
-0.17871568898890544,-0.3031154359137472,0.6285548910445633,2.586955121527793,-1.2435258358193297,-1.6808920089981352
-0.17884424846594715,-0.3027859448888121,0.6283363059411871,2.5869088416495463,-1.243762117647201,-1.68087976639574
-0.17897281543182153,-0.3024569176546605,0.6281180366782966,2.586862456213407,-1.2439980738111478,-1.6808663522351306
-0.17910138581022927,-0.30212835562576035,0.6279000841139428,2.586815965977335,-1.2442337074150083,-1.6808517579095252
-0.17922996292940319,-0.30180026363855517,0.6276824513178529,2.586769371695843,-1.2444690116462436,-1.6808359763774612
-0.17935854700470166,-0.30147263862146134,0.6274651361549224,2.5867226733500823,-1.2447039906876338,-1.6808189990335916
-0.17948713895964907,-0.301145479573814,0.6272481378538104,2.5866758711245055,-1.2449386459587575,-1.6808008174704465
-0.1796157383491579,-0.3008187857273906,0.6270314558065868,2.5866289653053016,-1.2451729798233695,-1.6807814229132736
-0.17974434437923925,-0.3004925584506926,0.6268150908193886,2.5865819564563037,-1.2454069927091307,-1.6807608066607937
-0.1798729591627426,-0.30016679850023503,0.6265990432729796,2.586534844900322,-1.245640683225311,-1.6807389602818894
-0.18000158145292122,-0.29984150426068007,0.6263833120063484,2.5864876308609217,-1.2458740553668586,-1.6807158743179846
-0.18013021233135973,-0.29951667691811024,0.6261678976913325,2.5864403147677404,-1.2461071082090804,-1.6806915399121114
-0.18025884890895938,-0.299192317247549,0.625952800758403,2.5863928972292665,-1.246339844663071,-1.6806659473540984
-0.1803874952015132,-0.2988684276024829,0.6257380226269684,2.586345378649404,-1.246572260105962,-1.6806390881616866
-0.1805161507345261,-0.29854500363219566,0.6255235603255307,2.5862977588597467,-1.2468043608436552,-1.680610951945369
-0.1806448157486713,-0.29822204516922135,0.6253094136387687,2.5862500381627846,-1.2470361481792434,-1.6805815288580763
-0.1807734904751106,-0.29789955203499874,0.6250955823442057,2.586202216857732,-1.2472676234575522,-1.6805508088737502
-0.1809021719755588,-0.29757752577694774,0.62488206738437,2.5861542956444845,-1.2474987889162603,-1.6805187815604872
-0.18103086513322442,-0.297255968336322,0.6246688698969418,2.5861062748134644,-1.2477296397396012,-1.680485437663151
-0.18115956398633948,-0.29693487703531224,0.624455988062655,2.586058154711296,-1.2479601852492912,-1.6804507652224097
-0.18128827358637878,-0.29661425675451514,0.6242434249556599,2.5860099359865507,-1.2481904174189056,-1.6804147551650823
-0.18141699466602468,-0.29629410154545993,0.6240311765432884,2.585961618169971,-1.248420343391373,-1.6803773956307135
-0.18154572415995318,-0.2959744108687409,0.62381924239447,2.585913201696987,-1.2486499678359055,-1.6803386748715516
-0.18167446480760852,-0.2956551873293302,0.6236076241008459,2.5858646870570094,-1.2488792871786776,-1.6802985824499863
-0.18180321502460295,-0.2953364287992596,0.6233963201713886,2.58581607439153,-1.2491083065641118,-1.6802571061576812
-0.18193197364000735,-0.29501813760798873,0.6231853320508067,2.5857673643871406,-1.2493370260797407,-1.6802142344999516
-0.18206074483280688,-0.29470031354010107,0.6229746594567485,2.5857185570806873,-1.2495654439995312,-1.6801699561218584
-0.18218952584433978,-0.2943829524593339,0.6227642995866147,2.585669652415079,-1.2497935686823785,-1.680124257536685
-0.1823183152475174,-0.2940660578270315,0.6225542546339673,2.585620651234172,-1.250021399309478,-1.6800771267947086
-0.1824471176748581,-0.2937496296407256,0.6223445244514769,2.585571553565028,-1.250248933632691,-1.680028551958115
-0.18257592969362246,-0.29343366351542355,0.6221351060813483,2.5855223593476326,-1.2504761809384088,-1.6799785186258356
-0.18270475429819655,-0.29311816113032363,0.621926000499804,2.5854730689183305,-1.2507031386441663,-1.679927014445364
-0.18283358861445898,-0.2928031202965334,0.621717206192216,2.5854236824621695,-1.2509298132900795,-1.6798740250448412
-0.18296243334404672,-0.2924885436413098,0.6215087247816475,2.585374200577336,-1.251156203285937,-1.6798195374499292
-0.18309129156039727,-0.2921744287839868,0.6213005545681081,2.5853246230526445,-1.2513823104063335,-1.6797635376190785
-0.1832201586151001,-0.2918607734013744,0.6210926939686052,2.585274950154003,-1.2516081429374544,-1.6797060100400114
-0.183349037200907,-0.2915475811239065,0.6208851452459312,2.585225182484195,-1.2518336966317332,-1.679646941497344
-0.1834779266121611,-0.29123484918257897,0.6206779064838086,2.5851753200016927,-1.2520589769842707,-1.6795863164017302
-0.18360682811554874,-0.2909225766278959,0.6204709769436425,2.5851253627802175,-1.2522839859186747,-1.6795241195966886
-0.18373574172234086,-0.2906107610128739,0.6202643549145277,2.5850753107650064,-1.2525087280622855,-1.6794603350146367
-0.18386466506576848,-0.29029940249367875,0.6200580404252864,2.585025164396359,-1.2527332073053337,-1.6793949465998566
-0.18399360071749182,-0.2899885020183114,0.6198520339723594,2.584974923911109,-1.2529574225574591,-1.679327938937902
-0.18412254635993452,-0.28967805704834143,0.6196463338113087,2.5849245893768504,-1.2531813806310073,-1.6792592946007507
-0.18425150525656164,-0.289368067318565,0.6194409396320735,2.5848741608142007,-1.2534050812370685,-1.6791889972587284
-0.1843804739198518,-0.28905852969357543,0.6192358493118939,2.584823638272763,-1.2536285329050447,-1.6791170284003107
-0.18450945509843208,-0.288749445426236,0.619031063545084,2.5847730220043768,-1.253851734242148,-1.6790433713342645
-0.18463844625810744,-0.28844081172037306,0.6188265804226907,2.5847223120362544,-1.2540746927017776,-1.67896800702538
-0.18476744861133199,-0.2881326294041963,0.6186224003770553,2.5846715086528858,-1.2542974087333247,-1.6788909176941476
-0.1848964608760335,-0.2878248966927317,0.6184185221509271,2.584620611933618,-1.2545198877437973,-1.6788120840091434
-0.18502548611673753,-0.28751761179411717,0.6182149444314873,2.584569621673583,-1.254742131541601,-1.6787314868304333
-0.1851545214220005,-0.2872107707888227,0.6180116645782996,2.5845185377472277,-1.2549641493110892,-1.6786491050237498
-0.1852835679475291,-0.28690437441569533,0.6178086829657143,2.5844673604124546,-1.2551859418521485,-1.6785649191007574
-0.18541262586743912,-0.28659841978153583,0.6176059975920176,2.5844160894781947,-1.255407514759501,-1.6784789077865965
-0.18554169286184496,-0.28629290579946304,0.6174036076741478,2.5843647251618096,-1.2556288738342118,-1.6783910495829688
-0.18567077039445223,-0.28598783260465643,0.6172015131857584,2.5843132676053915,-1.255850020434824,-1.6783013234887545
-0.18579986005598847,-0.28568319566949385,0.6169997110341767,2.5842617162781503,-1.2560709609126512,-1.6782097063768933
-0.18592895869452875,-0.2853789919797291,0.6167981991819391,2.5842100711619977,-1.25629170403468,-1.6781161744232136
-0.1860580687967479,-0.28507522135051905,0.6165969773794617,2.5841583322693698,-1.2565122508395852,-1.6780207050951585
-0.18618718581366256,-0.2847718812361892,0.616396043916692,2.5841064997304124,-1.2567326108876764,-1.677923273475254
-0.1863163141968247,-0.2844689718647462,0.6161953987894364,2.5840545734798046,-1.2569527832546372,-1.6778238563904
-0.18644545184404482,-0.28416648667368527,0.61599503761849,2.5840025528992845,-1.2571727799454964,-1.6777224265441901
-0.1865745997872601,-0.28386442374514953,0.6157949590349956,2.583950437822956,-1.2573926053829672,-1.6776189582128307
-0.18670375203999345,-0.28356278237193644,0.6155951625593481,2.583898228717418,-1.2576122686237665,-1.677513424600022
-0.1868329163537057,-0.2832615623740973,0.6153956478734162,2.583845925218066,-1.257831766724111,-1.6774058004107077
-0.18696208819557114,-0.2829607540332183,0.6151964085624639,2.5837935263740603,-1.2580511174827858,-1.6772960539900879
-0.18709126776538199,-0.28266035764100467,0.6149974447206938,2.583741032369397,-1.2582703239388544,-1.6771841577711672
-0.1872204524759571,-0.2823603713902596,0.6147987551030001,2.5836884432635245,-1.258489393825987,-1.6770700822575781
-0.18734964503585871,-0.2820607930386465,0.614600338105125,2.5836357586948613,-1.2587083310144969,-1.6769537977560776
-0.18747884468663045,-0.28176161573765246,0.6144021891484046,2.583582977844702,-1.258927147396118,-1.6768352712434262
-0.18760805106072898,-0.2814628354493298,0.6142043054940505,2.5835301002710005,-1.2591458515740248,-1.6767144701408414
-0.1877372631061771,-0.2811644484987713,0.6140066846518666,2.583477125622351,-1.2593644524293819,-1.6765913610885848
-0.18786647820055258,-0.28086645288034107,0.6138093252502261,2.5834240538938937,-1.2595829584291072,-1.676465910451822
-0.18799569752144762,-0.28056884629072376,0.6136122256672376,2.58337088477664,-1.259801375299231,-1.6763380841178432
-0.18812492101023004,-0.28027162233653924,0.613415381616147,2.5833176174241514,-1.2600197143929506,-1.6762078448792868
-0.1882541473330699,-0.2799747758000068,0.61321878960096,2.58326425123966,-1.260237986961964,-1.6760751549017967
-0.18838337845790676,-0.2796783009584896,0.6130224457458153,2.5832107853164223,-1.260456202190316,-1.6759399754872117
-0.18851260942700776,-0.2793821921027605,0.6128263462884851,2.583157219205682,-1.2606743751450136,-1.6758022659171132
-0.18864184149634244,-0.2790864476314065,0.6126304900669868,2.583103552652511,-1.2608925113316465,-1.6756619873835579
-0.18877107588085007,-0.27879105918010705,0.612434871485624,2.5830497843682627,-1.2611106238737333,-1.6755190963529816
-0.18890030755198062,-0.27849602063919165,0.6122394865240111,2.5829959138170744,-1.2613287287532697,-1.6753735484027321
-0.1890295401173745,-0.2782013280060569,0.612044332409535,2.582941940187805,-1.2615468325992598,-1.6752253001941404
-0.1891587678672284,-0.2779069731117994,0.611849403784877,2.582887862654139,-1.2617649545374112,-1.6750743035099125
-0.18928799144353725,-0.27761295349566595,0.6116546989346219,2.5828336808238195,-1.2619831022689016,-1.6749205128987823
-0.18941721089611718,-0.277319260466609,0.6114602120697934,2.5827793933747114,-1.2622012910455052,-1.6747638778600586
-0.18954642575044378,-0.2770258846826631,0.6112659369839841,2.5827249989027092,-1.2624195374649947,-1.674604345865126
-0.18967563462984494,-0.276732817467988,0.6110718679225369,2.5826704961524016,-1.2626378583296192,-1.6744418630430358
-0.18980483418474847,-0.2764400521839781,0.6108780004984378,2.582615884307017,-1.2628562700107169,-1.6742763748604816
-0.18993402344477772,-0.2761475829276533,0.6106843307680379,2.5825611624910705,-1.263074786284362,-1.6741078259446418
-0.1900632060991736,-0.2758553977108668,0.610490850724887,2.5825063285399885,-1.2632934240558846,-1.6739361559200652
-0.19019237574830328,-0.2755634839727649,0.6102975521564473,2.582451380872416,-1.2635122094624445,-1.6737613006408627
-0.19032153072690683,-0.2752718370421812,0.6101044319385158,2.5823963188095362,-1.2637311561545186,-1.673583199840618
-0.19045067047808395,-0.27498044715619513,0.6099114835940949,2.582341140780723,-1.263950282781979,-1.6734017880870609
-0.19057979272813252,-0.27468930277211934,0.6097186995106636,2.5822858450347805,-1.2641696116632035,-1.6732169963353662
-0.19070889602987684,-0.27439839277448497,0.6095260723418079,2.5822304298130727,-1.2643891642289382,-1.673028753662335
-0.1908379798814117,-0.27410770390820094,0.6093335933245463,2.5821748929308517,-1.2646089638163867,-1.6728369853619005
-0.19096704080035742,-0.2738172226853229,0.6091412535960989,2.582119232351844,-1.264829036792625,-1.6726416135636155
-0.19109607715620047,-0.2735269369674703,0.6089490451449553,2.5820634461087066,-1.2650494067949736,-1.6724425590010918
-0.19122508691497053,-0.2732368322698264,0.6087569584315631,2.582007531864761,-1.2652701007656528,-1.6722397378306773
-0.19135406481111072,-0.27294689541484785,0.608564984829965,2.581951487700226,-1.2654911471850037,-1.6720330638125758
-0.19148301107505628,-0.2726571124991027,0.6083731151407643,2.5818953111762784,-1.2657125711823158,-1.6718224479266866
-0.19161192323397103,-0.2723674641706914,0.6081813366491584,2.581838999133357,-1.2659344066670717,-1.6716077931734235
-0.19174079787117915,-0.2720779326119614,0.6079896376616487,2.58178254870146,-1.2661566870149605,-1.6713890000664469
-0.19186963263018697,-0.2717884995376487,0.6077980061596024,2.5817259568358306,-1.2663794456975734,-1.6711659652119966
-0.19199842242960496,-0.27149914608089537,0.6076064297946129,2.58166922056315,-1.2666027195493923,-1.6709385804435808
-0.19212716660243423,-0.27120985194819247,0.607414895203005,2.581612336341082,-1.2668265438850344,-1.6707067329519
-0.1922558574530786,-0.27092059520411055,0.6072233880793672,2.5815553008235432,-1.2670509621852473,-1.67047030306796
-0.19238449610241481,-0.27063135369854147,0.6070318938110382,2.5814981099828977,-1.267276011483323,-1.6702291676494805
-0.19251307476303126,-0.2703421002065183,0.6068403946368939,2.5814407595445785,-1.2675017425213617,-1.6699831926303652
-0.19264159083116006,-0.2700528109132151,0.6066488749252659,2.5813832454083365,-1.2677281985116822,-1.6697322425566237
-0.19277003658388558,-0.26976345880433483,0.6064573170514191,2.581325563272781,-1.2679554311893935,-1.6694761726625351
-0.19289841209044578,-0.2694740142446756,0.6062657015251331,2.581267707817241,-1.2681834896189952,-1.6692148309714712
-0.19302670868470173,-0.26918444268848934,0.6060740058173169,2.581209673474843,-1.2684124364539455,-1.6689480527910332
-0.19315492065524964,-0.2688947136713555,0.605882210006234,2.5811514551271655,-1.2686423280343126,-1.6686756710449366
-0.19328304150451636,-0.26860479235050616,0.6056902913233935,2.58109304694033,-1.268873227255513,-1.6683975069039716
-0.19341106765677285,-0.2683146389321248,0.6054982237051747,2.581034441997531,-1.2691052012892206,-1.6681133690421552
-0.1935389906585483,-0.26802421004251786,0.6053059788454909,2.5809756330764335,-1.2693383264787663,-1.6678230528638427
-0.1936668007360538,-0.26773346458152675,0.6051135299473587,2.580916613401887,-1.2695726786861223,-1.667526346794022
-0.19379449165781537,-0.2674423570474865,0.6049208472632088,2.580857375161353,-1.2698083371460407,-1.6672230254070857
-0.19392205616448344,-0.2671508340227101,0.6047278958930282,2.5807979092137745,-1.2700453924408655,-1.6669128435764768
-0.19404948301088787,-0.2668588402945747,0.604534639842849,2.580738206348831,-1.2702839418961862,-1.6665955416487805
-0.19417676306135156,-0.2665663181511623,0.6043410414372357,2.5806782567373276,-1.2705240855207214,-1.666270844950053
-0.19430388513254293,-0.2662732033617476,0.6041470587815287,2.5806180495248054,-1.2707659342650455,-1.6659384570644677
-0.19443083602466693,-0.2659794282912306,0.6039526477938972,2.5805575733699686,-1.2710096064858167,-1.6655980622120805
-0.1945576031676337,-0.26568491974202185,0.603757760739386,2.5804968158809856,-1.271255228490776,-1.6652493217745388
-0.1946841741897325,-0.2653895952434147,0.603562343815994,2.5804357629904793,-1.271502939495998,-1.6648918677514393
-0.19481053247586289,-0.2650933654870215,0.6033663388391548,2.5803743996926736,-1.271752892610047,-1.6645253027897067
-0.19493666420381395,-0.2647961328793568,0.6031696821425472,2.580312709290304,-1.2720052510601665,-1.6641491977129537
-0.19506254683245228,-0.26449779199961426,0.6029723051275564,2.580250674289884,-1.2722601973272265,-1.6637630870570037
-0.1951881634765913,-0.2641982288534207,0.6027741334569852,2.5801882752588527,-1.2725179226021712,-1.663366468840693
-0.19531348977783924,-0.2638973146420432,0.6025750832791119,2.5801254906422852,-1.2727786453671732,-1.6629587893842601
-0.19543850373639948,-0.2635949084921024,0.6023750627853155,2.5800622965575823,-1.2730426005369408,-1.6625394457578246
-0.19556317741506035,-0.26329085229050503,0.6021739690240393,2.579998666457832,-1.2733100529767876,-1.6621077717258101
-0.19568747962209443,-0.2629849737522867,0.6019716898364806,2.579934571504154,-1.2735812921722958,-1.661663038057342
-0.1958113768928289,-0.26267708016040425,0.6017680997453478,2.579869979383736,-1.2738566396835045,-1.6612044376289352
-0.1959348311515532,-0.26236695433723095,0.601563057374312,2.579804853760706,-1.274136456782997,-1.6607310714234285
-0.1960578021999,-0.26205434944991385,0.6013564019934643,2.5797391531788216,-1.2744211497651388,-1.6602419324694058
-0.19618023818056862,-0.26173898842397947,0.6011479533491368,2.5796728316556448,-1.2747111796098285,-1.659735892009861
-0.19630208641576274,-0.261420557226323,0.6009375070143466,2.5796058367482764,-1.27500706272339,-1.6592116802565147
-0.1964232848215719,-0.2610986907230684,0.6007248253534265,2.5795381076230917,-1.2753093971728622,-1.6586678444401437
-0.19654375969925653,-0.2607729703257576,0.6005096360165907,2.579469574860848,-1.2756188695057251,-1.6581027258882706
-0.19666342557509164,-0.26044291194923685,0.6002916240625991,2.5794001583766546,-1.2759362723809602,-1.6575144167631173
-0.19678218554794924,-0.2601079445142146,0.6000704178947469,2.579329763596079,-1.2762625344030538,-1.656900692811687
-0.1968999209808695,-0.2597673907616493,0.5998455769513096,2.5792582788526612,-1.276598756839133,-1.6562589372458199
-0.19701649386301767,-0.25942043894385025,0.5996165731181282,2.579185570311047,-1.2769462527257196,-1.6555860410423446
-0.19713173012754304,-0.2590661059789036,0.5993827670217846,2.5791114767604144,-1.277306614280835,-1.654878262237148
-0.19724542290988545,-0.25870318013220395,0.599143370436499,2.5790357994391155,-1.2776817926062758,-1.6541310297725476
-0.19735730631146797,-0.2583301392782781,0.5988973934501676,2.5789582896760312,-1.2780742369895208,-1.6533386474074445
-0.19746704290023587,-0.2579450365982334,0.5986435699495629,2.578878630084337,-1.2784870706348062,-1.6524938836340464
-0.19757418783235892,-0.25754530973075473,0.5983802336270228,2.5787964040341502,-1.2789243942381605,-1.6515872981117665
-0.1976781397732026,-0.25712747431508143,0.5981051186454991,2.5787110461925016,-1.2793917668245,-1.6506061604486892
-0.19777804359980866,-0.2566865946896913,0.5978150156801374,2.5786217581197097,-1.2798970463240047,-1.6495325768936338
-0.19787262252794058,-0.2562152795392725,0.5975051188489895,2.578527347092438,-1.28045196839902,-1.6483399630349216
-0.19795980548946268,-0.25570155834725283,0.5971676454221717,2.5784258868427026,-1.2810754960210058,-1.6469855982412784
-0.1980358163840581,-0.25512356942920805,0.596788382697506,2.57831386794814,-1.2818021712567178,-1.6453920817346874
-0.1980921122047814,-0.254431874011811,0.5963351927190803,2.5781833706029538,-1.2827099170399,-1.6433857758904142
-0.19809184308398908,-0.2534136109699773,0.5956697449637407,2.578000201250957,-1.284133293546116,-1.6402257866287815
